2025-03-21 18:06:16,923 - INFO - Frequent Itemsets:
     support                        itemsets
0   0.052466                          (beef)
1   0.080529                  (bottled beer)
2   0.110524                 (bottled water)
3   0.064870                   (brown bread)
4   0.055414                        (butter)
5   0.077682                   (canned beer)
6   0.082766                  (citrus fruit)
7   0.058058                        (coffee)
8   0.053279                          (curd)
9   0.063447                 (domestic eggs)
10  0.058973                   (frankfurter)
11  0.072293         (fruit/vegetable juice)
12  0.058566                     (margarine)
13  0.052364                       (napkins)
14  0.079817                    (newspapers)
15  0.193493              (other vegetables)
16  0.088968                        (pastry)
17  0.075648                     (pip fruit)
18  0.057651                          (pork)
19  0.183935                    (rolls/buns)
20  0.108998               (root vegetables)
21  0.093950                       (sausage)
22  0.098526                 (shopping bags)
23  0.174377                          (soda)
24  0.104931                (tropical fruit)
25  0.071683            (whipped/sour cream)
26  0.255516                    (whole milk)
27  0.139502                        (yogurt)
28  0.074835  (other vegetables, whole milk)
29  0.056634        (whole milk, rolls/buns)
30  0.056024            (yogurt, whole milk)
2025-03-21 18:06:16,931 - INFO - Association Rules:
          antecedents         consequents  antecedent support  consequent support   support  confidence      lift  representativity  leverage  conviction  zhangs_metric   jaccard  certainty  kulczynski
0  (other vegetables)        (whole milk)            0.193493            0.255516  0.074835    0.386758  1.513634               1.0  0.025394    1.214013       0.420750  0.200000   0.176286    0.339817
1        (whole milk)  (other vegetables)            0.255516            0.193493  0.074835    0.292877  1.513634               1.0  0.025394    1.140548       0.455803  0.200000   0.123228    0.339817
2        (whole milk)        (rolls/buns)            0.255516            0.183935  0.056634    0.221647  1.205032               1.0  0.009636    1.048452       0.228543  0.147942   0.046213    0.264776
3        (rolls/buns)        (whole milk)            0.183935            0.255516  0.056634    0.307905  1.205032               1.0  0.009636    1.075696       0.208496  0.147942   0.070369    0.264776
4            (yogurt)        (whole milk)            0.139502            0.255516  0.056024    0.401603  1.571735               1.0  0.020379    1.244132       0.422732  0.165267   0.196226    0.310432
5        (whole milk)            (yogurt)            0.255516            0.139502  0.056024    0.219260  1.571735               1.0  0.020379    1.102157       0.488608  0.165267   0.092688    0.310432
2025-03-21 18:06:16,938 - INFO - Totl Time: 0.20 saniye
2025-03-21 18:10:52,101 - INFO - Frequent Itemsets:
     support                        itemsets
0   0.052466                          (beef)
1   0.080529                  (bottled beer)
2   0.110524                 (bottled water)
3   0.064870                   (brown bread)
4   0.055414                        (butter)
5   0.077682                   (canned beer)
6   0.082766                  (citrus fruit)
7   0.058058                        (coffee)
8   0.053279                          (curd)
9   0.063447                 (domestic eggs)
10  0.058973                   (frankfurter)
11  0.072293         (fruit/vegetable juice)
12  0.058566                     (margarine)
13  0.052364                       (napkins)
14  0.079817                    (newspapers)
15  0.193493              (other vegetables)
16  0.088968                        (pastry)
17  0.075648                     (pip fruit)
18  0.057651                          (pork)
19  0.183935                    (rolls/buns)
20  0.108998               (root vegetables)
21  0.093950                       (sausage)
22  0.098526                 (shopping bags)
23  0.174377                          (soda)
24  0.104931                (tropical fruit)
25  0.071683            (whipped/sour cream)
26  0.255516                    (whole milk)
27  0.139502                        (yogurt)
28  0.074835  (whole milk, other vegetables)
29  0.056634        (rolls/buns, whole milk)
30  0.056024            (yogurt, whole milk)
2025-03-21 18:10:52,109 - INFO - Association Rules:
          antecedents         consequents  antecedent support  consequent support   support  confidence      lift  representativity  leverage  conviction  zhangs_metric   jaccard  certainty  kulczynski
0        (whole milk)  (other vegetables)            0.255516            0.193493  0.074835    0.292877  1.513634               1.0  0.025394    1.140548       0.455803  0.200000   0.123228    0.339817
1  (other vegetables)        (whole milk)            0.193493            0.255516  0.074835    0.386758  1.513634               1.0  0.025394    1.214013       0.420750  0.200000   0.176286    0.339817
2        (rolls/buns)        (whole milk)            0.183935            0.255516  0.056634    0.307905  1.205032               1.0  0.009636    1.075696       0.208496  0.147942   0.070369    0.264776
3        (whole milk)        (rolls/buns)            0.255516            0.183935  0.056634    0.221647  1.205032               1.0  0.009636    1.048452       0.228543  0.147942   0.046213    0.264776
4            (yogurt)        (whole milk)            0.139502            0.255516  0.056024    0.401603  1.571735               1.0  0.020379    1.244132       0.422732  0.165267   0.196226    0.310432
5        (whole milk)            (yogurt)            0.255516            0.139502  0.056024    0.219260  1.571735               1.0  0.020379    1.102157       0.488608  0.165267   0.092688    0.310432
2025-03-21 18:10:52,114 - INFO - Totl Time: 0.18 saniye
2025-03-22 14:21:37,629 - INFO - Frequent Itemsets:
     support                        itemsets
0   0.052466                          (beef)
1   0.080529                  (bottled beer)
2   0.110524                 (bottled water)
3   0.064870                   (brown bread)
4   0.055414                        (butter)
5   0.077682                   (canned beer)
6   0.082766                  (citrus fruit)
7   0.058058                        (coffee)
8   0.053279                          (curd)
9   0.063447                 (domestic eggs)
10  0.058973                   (frankfurter)
11  0.072293         (fruit/vegetable juice)
12  0.058566                     (margarine)
13  0.052364                       (napkins)
14  0.079817                    (newspapers)
15  0.193493              (other vegetables)
16  0.088968                        (pastry)
17  0.075648                     (pip fruit)
18  0.057651                          (pork)
19  0.183935                    (rolls/buns)
20  0.108998               (root vegetables)
21  0.093950                       (sausage)
22  0.098526                 (shopping bags)
23  0.174377                          (soda)
24  0.104931                (tropical fruit)
25  0.071683            (whipped/sour cream)
26  0.255516                    (whole milk)
27  0.139502                        (yogurt)
28  0.074835  (other vegetables, whole milk)
29  0.056634        (whole milk, rolls/buns)
30  0.056024            (yogurt, whole milk)
2025-03-22 14:21:37,635 - INFO - Association Rules:
          antecedents         consequents  antecedent support  consequent support   support  confidence      lift  representativity  leverage  conviction  zhangs_metric   jaccard  certainty  kulczynski
0  (other vegetables)        (whole milk)            0.193493            0.255516  0.074835    0.386758  1.513634               1.0  0.025394    1.214013       0.420750  0.200000   0.176286    0.339817
1        (whole milk)  (other vegetables)            0.255516            0.193493  0.074835    0.292877  1.513634               1.0  0.025394    1.140548       0.455803  0.200000   0.123228    0.339817
2        (whole milk)        (rolls/buns)            0.255516            0.183935  0.056634    0.221647  1.205032               1.0  0.009636    1.048452       0.228543  0.147942   0.046213    0.264776
3        (rolls/buns)        (whole milk)            0.183935            0.255516  0.056634    0.307905  1.205032               1.0  0.009636    1.075696       0.208496  0.147942   0.070369    0.264776
4            (yogurt)        (whole milk)            0.139502            0.255516  0.056024    0.401603  1.571735               1.0  0.020379    1.244132       0.422732  0.165267   0.196226    0.310432
5        (whole milk)            (yogurt)            0.255516            0.139502  0.056024    0.219260  1.571735               1.0  0.020379    1.102157       0.488608  0.165267   0.092688    0.310432
2025-03-22 14:21:37,639 - INFO - Total Time: 0.14 seconds

2025-03-22 14:23:52,471 - INFO - Frequent Itemsets:
     support                        itemsets
0   0.052466                          (beef)
1   0.080529                  (bottled beer)
2   0.110524                 (bottled water)
3   0.064870                   (brown bread)
4   0.055414                        (butter)
5   0.077682                   (canned beer)
6   0.082766                  (citrus fruit)
7   0.058058                        (coffee)
8   0.053279                          (curd)
9   0.063447                 (domestic eggs)
10  0.058973                   (frankfurter)
11  0.072293         (fruit/vegetable juice)
12  0.058566                     (margarine)
13  0.052364                       (napkins)
14  0.079817                    (newspapers)
15  0.193493              (other vegetables)
16  0.088968                        (pastry)
17  0.075648                     (pip fruit)
18  0.057651                          (pork)
19  0.183935                    (rolls/buns)
20  0.108998               (root vegetables)
21  0.093950                       (sausage)
22  0.098526                 (shopping bags)
23  0.174377                          (soda)
24  0.104931                (tropical fruit)
25  0.071683            (whipped/sour cream)
26  0.255516                    (whole milk)
27  0.139502                        (yogurt)
28  0.074835  (whole milk, other vegetables)
29  0.056634        (whole milk, rolls/buns)
30  0.056024            (yogurt, whole milk)
2025-03-22 14:23:52,476 - INFO - Association Rules:
          antecedents         consequents  antecedent support  consequent support   support  confidence      lift  representativity  leverage  conviction  zhangs_metric   jaccard  certainty  kulczynski
0        (whole milk)  (other vegetables)            0.255516            0.193493  0.074835    0.292877  1.513634               1.0  0.025394    1.140548       0.455803  0.200000   0.123228    0.339817
1  (other vegetables)        (whole milk)            0.193493            0.255516  0.074835    0.386758  1.513634               1.0  0.025394    1.214013       0.420750  0.200000   0.176286    0.339817
2        (whole milk)        (rolls/buns)            0.255516            0.183935  0.056634    0.221647  1.205032               1.0  0.009636    1.048452       0.228543  0.147942   0.046213    0.264776
3        (rolls/buns)        (whole milk)            0.183935            0.255516  0.056634    0.307905  1.205032               1.0  0.009636    1.075696       0.208496  0.147942   0.070369    0.264776
4            (yogurt)        (whole milk)            0.139502            0.255516  0.056024    0.401603  1.571735               1.0  0.020379    1.244132       0.422732  0.165267   0.196226    0.310432
5        (whole milk)            (yogurt)            0.255516            0.139502  0.056024    0.219260  1.571735               1.0  0.020379    1.102157       0.488608  0.165267   0.092688    0.310432
2025-03-22 14:23:52,480 - INFO - Total Time: 0.14 seconds

2025-03-22 14:23:54,181 - INFO - Frequent Itemsets:
     support                        itemsets
0   0.052466                          (beef)
1   0.080529                  (bottled beer)
2   0.110524                 (bottled water)
3   0.064870                   (brown bread)
4   0.055414                        (butter)
5   0.077682                   (canned beer)
6   0.082766                  (citrus fruit)
7   0.058058                        (coffee)
8   0.053279                          (curd)
9   0.063447                 (domestic eggs)
10  0.058973                   (frankfurter)
11  0.072293         (fruit/vegetable juice)
12  0.058566                     (margarine)
13  0.052364                       (napkins)
14  0.079817                    (newspapers)
15  0.193493              (other vegetables)
16  0.088968                        (pastry)
17  0.075648                     (pip fruit)
18  0.057651                          (pork)
19  0.183935                    (rolls/buns)
20  0.108998               (root vegetables)
21  0.093950                       (sausage)
22  0.098526                 (shopping bags)
23  0.174377                          (soda)
24  0.104931                (tropical fruit)
25  0.071683            (whipped/sour cream)
26  0.255516                    (whole milk)
27  0.139502                        (yogurt)
28  0.074835  (whole milk, other vegetables)
29  0.056634        (whole milk, rolls/buns)
30  0.056024            (whole milk, yogurt)
2025-03-22 14:23:54,187 - INFO - Association Rules:
          antecedents         consequents  antecedent support  consequent support   support  confidence      lift  representativity  leverage  conviction  zhangs_metric   jaccard  certainty  kulczynski
0        (whole milk)  (other vegetables)            0.255516            0.193493  0.074835    0.292877  1.513634               1.0  0.025394    1.140548       0.455803  0.200000   0.123228    0.339817
1  (other vegetables)        (whole milk)            0.193493            0.255516  0.074835    0.386758  1.513634               1.0  0.025394    1.214013       0.420750  0.200000   0.176286    0.339817
2        (whole milk)        (rolls/buns)            0.255516            0.183935  0.056634    0.221647  1.205032               1.0  0.009636    1.048452       0.228543  0.147942   0.046213    0.264776
3        (rolls/buns)        (whole milk)            0.183935            0.255516  0.056634    0.307905  1.205032               1.0  0.009636    1.075696       0.208496  0.147942   0.070369    0.264776
4        (whole milk)            (yogurt)            0.255516            0.139502  0.056024    0.219260  1.571735               1.0  0.020379    1.102157       0.488608  0.165267   0.092688    0.310432
5            (yogurt)        (whole milk)            0.139502            0.255516  0.056024    0.401603  1.571735               1.0  0.020379    1.244132       0.422732  0.165267   0.196226    0.310432
2025-03-22 14:23:54,191 - INFO - Total Time: 0.14 seconds

2025-03-22 14:23:55,866 - INFO - Frequent Itemsets:
     support                        itemsets
0   0.052466                          (beef)
1   0.080529                  (bottled beer)
2   0.110524                 (bottled water)
3   0.064870                   (brown bread)
4   0.055414                        (butter)
5   0.077682                   (canned beer)
6   0.082766                  (citrus fruit)
7   0.058058                        (coffee)
8   0.053279                          (curd)
9   0.063447                 (domestic eggs)
10  0.058973                   (frankfurter)
11  0.072293         (fruit/vegetable juice)
12  0.058566                     (margarine)
13  0.052364                       (napkins)
14  0.079817                    (newspapers)
15  0.193493              (other vegetables)
16  0.088968                        (pastry)
17  0.075648                     (pip fruit)
18  0.057651                          (pork)
19  0.183935                    (rolls/buns)
20  0.108998               (root vegetables)
21  0.093950                       (sausage)
22  0.098526                 (shopping bags)
23  0.174377                          (soda)
24  0.104931                (tropical fruit)
25  0.071683            (whipped/sour cream)
26  0.255516                    (whole milk)
27  0.139502                        (yogurt)
28  0.074835  (other vegetables, whole milk)
29  0.056634        (rolls/buns, whole milk)
30  0.056024            (yogurt, whole milk)
2025-03-22 14:23:55,872 - INFO - Association Rules:
          antecedents         consequents  antecedent support  consequent support   support  confidence      lift  representativity  leverage  conviction  zhangs_metric   jaccard  certainty  kulczynski
0  (other vegetables)        (whole milk)            0.193493            0.255516  0.074835    0.386758  1.513634               1.0  0.025394    1.214013       0.420750  0.200000   0.176286    0.339817
1        (whole milk)  (other vegetables)            0.255516            0.193493  0.074835    0.292877  1.513634               1.0  0.025394    1.140548       0.455803  0.200000   0.123228    0.339817
2        (rolls/buns)        (whole milk)            0.183935            0.255516  0.056634    0.307905  1.205032               1.0  0.009636    1.075696       0.208496  0.147942   0.070369    0.264776
3        (whole milk)        (rolls/buns)            0.255516            0.183935  0.056634    0.221647  1.205032               1.0  0.009636    1.048452       0.228543  0.147942   0.046213    0.264776
4            (yogurt)        (whole milk)            0.139502            0.255516  0.056024    0.401603  1.571735               1.0  0.020379    1.244132       0.422732  0.165267   0.196226    0.310432
5        (whole milk)            (yogurt)            0.255516            0.139502  0.056024    0.219260  1.571735               1.0  0.020379    1.102157       0.488608  0.165267   0.092688    0.310432
2025-03-22 14:23:55,875 - INFO - Total Time: 0.14 seconds

2025-03-22 14:23:57,521 - INFO - Frequent Itemsets:
     support                        itemsets
0   0.052466                          (beef)
1   0.080529                  (bottled beer)
2   0.110524                 (bottled water)
3   0.064870                   (brown bread)
4   0.055414                        (butter)
5   0.077682                   (canned beer)
6   0.082766                  (citrus fruit)
7   0.058058                        (coffee)
8   0.053279                          (curd)
9   0.063447                 (domestic eggs)
10  0.058973                   (frankfurter)
11  0.072293         (fruit/vegetable juice)
12  0.058566                     (margarine)
13  0.052364                       (napkins)
14  0.079817                    (newspapers)
15  0.193493              (other vegetables)
16  0.088968                        (pastry)
17  0.075648                     (pip fruit)
18  0.057651                          (pork)
19  0.183935                    (rolls/buns)
20  0.108998               (root vegetables)
21  0.093950                       (sausage)
22  0.098526                 (shopping bags)
23  0.174377                          (soda)
24  0.104931                (tropical fruit)
25  0.071683            (whipped/sour cream)
26  0.255516                    (whole milk)
27  0.139502                        (yogurt)
28  0.074835  (other vegetables, whole milk)
29  0.056634        (rolls/buns, whole milk)
30  0.056024            (yogurt, whole milk)
2025-03-22 14:23:57,527 - INFO - Association Rules:
          antecedents         consequents  antecedent support  consequent support   support  confidence      lift  representativity  leverage  conviction  zhangs_metric   jaccard  certainty  kulczynski
0  (other vegetables)        (whole milk)            0.193493            0.255516  0.074835    0.386758  1.513634               1.0  0.025394    1.214013       0.420750  0.200000   0.176286    0.339817
1        (whole milk)  (other vegetables)            0.255516            0.193493  0.074835    0.292877  1.513634               1.0  0.025394    1.140548       0.455803  0.200000   0.123228    0.339817
2        (rolls/buns)        (whole milk)            0.183935            0.255516  0.056634    0.307905  1.205032               1.0  0.009636    1.075696       0.208496  0.147942   0.070369    0.264776
3        (whole milk)        (rolls/buns)            0.255516            0.183935  0.056634    0.221647  1.205032               1.0  0.009636    1.048452       0.228543  0.147942   0.046213    0.264776
4            (yogurt)        (whole milk)            0.139502            0.255516  0.056024    0.401603  1.571735               1.0  0.020379    1.244132       0.422732  0.165267   0.196226    0.310432
5        (whole milk)            (yogurt)            0.255516            0.139502  0.056024    0.219260  1.571735               1.0  0.020379    1.102157       0.488608  0.165267   0.092688    0.310432
2025-03-22 14:23:57,530 - INFO - Total Time: 0.13 seconds

2025-03-22 14:23:59,205 - INFO - Frequent Itemsets:
     support                        itemsets
0   0.052466                          (beef)
1   0.080529                  (bottled beer)
2   0.110524                 (bottled water)
3   0.064870                   (brown bread)
4   0.055414                        (butter)
5   0.077682                   (canned beer)
6   0.082766                  (citrus fruit)
7   0.058058                        (coffee)
8   0.053279                          (curd)
9   0.063447                 (domestic eggs)
10  0.058973                   (frankfurter)
11  0.072293         (fruit/vegetable juice)
12  0.058566                     (margarine)
13  0.052364                       (napkins)
14  0.079817                    (newspapers)
15  0.193493              (other vegetables)
16  0.088968                        (pastry)
17  0.075648                     (pip fruit)
18  0.057651                          (pork)
19  0.183935                    (rolls/buns)
20  0.108998               (root vegetables)
21  0.093950                       (sausage)
22  0.098526                 (shopping bags)
23  0.174377                          (soda)
24  0.104931                (tropical fruit)
25  0.071683            (whipped/sour cream)
26  0.255516                    (whole milk)
27  0.139502                        (yogurt)
28  0.074835  (other vegetables, whole milk)
29  0.056634        (whole milk, rolls/buns)
30  0.056024            (yogurt, whole milk)
2025-03-22 14:23:59,211 - INFO - Association Rules:
          antecedents         consequents  antecedent support  consequent support   support  confidence      lift  representativity  leverage  conviction  zhangs_metric   jaccard  certainty  kulczynski
0  (other vegetables)        (whole milk)            0.193493            0.255516  0.074835    0.386758  1.513634               1.0  0.025394    1.214013       0.420750  0.200000   0.176286    0.339817
1        (whole milk)  (other vegetables)            0.255516            0.193493  0.074835    0.292877  1.513634               1.0  0.025394    1.140548       0.455803  0.200000   0.123228    0.339817
2        (whole milk)        (rolls/buns)            0.255516            0.183935  0.056634    0.221647  1.205032               1.0  0.009636    1.048452       0.228543  0.147942   0.046213    0.264776
3        (rolls/buns)        (whole milk)            0.183935            0.255516  0.056634    0.307905  1.205032               1.0  0.009636    1.075696       0.208496  0.147942   0.070369    0.264776
4            (yogurt)        (whole milk)            0.139502            0.255516  0.056024    0.401603  1.571735               1.0  0.020379    1.244132       0.422732  0.165267   0.196226    0.310432
5        (whole milk)            (yogurt)            0.255516            0.139502  0.056024    0.219260  1.571735               1.0  0.020379    1.102157       0.488608  0.165267   0.092688    0.310432
2025-03-22 14:23:59,215 - INFO - Total Time: 0.14 seconds

2025-03-22 14:24:00,856 - INFO - Frequent Itemsets:
     support                        itemsets
0   0.052466                          (beef)
1   0.080529                  (bottled beer)
2   0.110524                 (bottled water)
3   0.064870                   (brown bread)
4   0.055414                        (butter)
5   0.077682                   (canned beer)
6   0.082766                  (citrus fruit)
7   0.058058                        (coffee)
8   0.053279                          (curd)
9   0.063447                 (domestic eggs)
10  0.058973                   (frankfurter)
11  0.072293         (fruit/vegetable juice)
12  0.058566                     (margarine)
13  0.052364                       (napkins)
14  0.079817                    (newspapers)
15  0.193493              (other vegetables)
16  0.088968                        (pastry)
17  0.075648                     (pip fruit)
18  0.057651                          (pork)
19  0.183935                    (rolls/buns)
20  0.108998               (root vegetables)
21  0.093950                       (sausage)
22  0.098526                 (shopping bags)
23  0.174377                          (soda)
24  0.104931                (tropical fruit)
25  0.071683            (whipped/sour cream)
26  0.255516                    (whole milk)
27  0.139502                        (yogurt)
28  0.074835  (whole milk, other vegetables)
29  0.056634        (whole milk, rolls/buns)
30  0.056024            (whole milk, yogurt)
2025-03-22 14:24:00,863 - INFO - Association Rules:
          antecedents         consequents  antecedent support  consequent support   support  confidence      lift  representativity  leverage  conviction  zhangs_metric   jaccard  certainty  kulczynski
0        (whole milk)  (other vegetables)            0.255516            0.193493  0.074835    0.292877  1.513634               1.0  0.025394    1.140548       0.455803  0.200000   0.123228    0.339817
1  (other vegetables)        (whole milk)            0.193493            0.255516  0.074835    0.386758  1.513634               1.0  0.025394    1.214013       0.420750  0.200000   0.176286    0.339817
2        (whole milk)        (rolls/buns)            0.255516            0.183935  0.056634    0.221647  1.205032               1.0  0.009636    1.048452       0.228543  0.147942   0.046213    0.264776
3        (rolls/buns)        (whole milk)            0.183935            0.255516  0.056634    0.307905  1.205032               1.0  0.009636    1.075696       0.208496  0.147942   0.070369    0.264776
4        (whole milk)            (yogurt)            0.255516            0.139502  0.056024    0.219260  1.571735               1.0  0.020379    1.102157       0.488608  0.165267   0.092688    0.310432
5            (yogurt)        (whole milk)            0.139502            0.255516  0.056024    0.401603  1.571735               1.0  0.020379    1.244132       0.422732  0.165267   0.196226    0.310432
2025-03-22 14:24:00,867 - INFO - Total Time: 0.14 seconds

2025-03-22 14:24:02,506 - INFO - Frequent Itemsets:
     support                        itemsets
0   0.052466                          (beef)
1   0.080529                  (bottled beer)
2   0.110524                 (bottled water)
3   0.064870                   (brown bread)
4   0.055414                        (butter)
5   0.077682                   (canned beer)
6   0.082766                  (citrus fruit)
7   0.058058                        (coffee)
8   0.053279                          (curd)
9   0.063447                 (domestic eggs)
10  0.058973                   (frankfurter)
11  0.072293         (fruit/vegetable juice)
12  0.058566                     (margarine)
13  0.052364                       (napkins)
14  0.079817                    (newspapers)
15  0.193493              (other vegetables)
16  0.088968                        (pastry)
17  0.075648                     (pip fruit)
18  0.057651                          (pork)
19  0.183935                    (rolls/buns)
20  0.108998               (root vegetables)
21  0.093950                       (sausage)
22  0.098526                 (shopping bags)
23  0.174377                          (soda)
24  0.104931                (tropical fruit)
25  0.071683            (whipped/sour cream)
26  0.255516                    (whole milk)
27  0.139502                        (yogurt)
28  0.074835  (other vegetables, whole milk)
29  0.056634        (whole milk, rolls/buns)
30  0.056024            (whole milk, yogurt)
2025-03-22 14:24:02,511 - INFO - Association Rules:
          antecedents         consequents  antecedent support  consequent support   support  confidence      lift  representativity  leverage  conviction  zhangs_metric   jaccard  certainty  kulczynski
0  (other vegetables)        (whole milk)            0.193493            0.255516  0.074835    0.386758  1.513634               1.0  0.025394    1.214013       0.420750  0.200000   0.176286    0.339817
1        (whole milk)  (other vegetables)            0.255516            0.193493  0.074835    0.292877  1.513634               1.0  0.025394    1.140548       0.455803  0.200000   0.123228    0.339817
2        (whole milk)        (rolls/buns)            0.255516            0.183935  0.056634    0.221647  1.205032               1.0  0.009636    1.048452       0.228543  0.147942   0.046213    0.264776
3        (rolls/buns)        (whole milk)            0.183935            0.255516  0.056634    0.307905  1.205032               1.0  0.009636    1.075696       0.208496  0.147942   0.070369    0.264776
4        (whole milk)            (yogurt)            0.255516            0.139502  0.056024    0.219260  1.571735               1.0  0.020379    1.102157       0.488608  0.165267   0.092688    0.310432
5            (yogurt)        (whole milk)            0.139502            0.255516  0.056024    0.401603  1.571735               1.0  0.020379    1.244132       0.422732  0.165267   0.196226    0.310432
2025-03-22 14:24:02,515 - INFO - Total Time: 0.14 seconds

2025-03-22 14:24:04,160 - INFO - Frequent Itemsets:
     support                        itemsets
0   0.052466                          (beef)
1   0.080529                  (bottled beer)
2   0.110524                 (bottled water)
3   0.064870                   (brown bread)
4   0.055414                        (butter)
5   0.077682                   (canned beer)
6   0.082766                  (citrus fruit)
7   0.058058                        (coffee)
8   0.053279                          (curd)
9   0.063447                 (domestic eggs)
10  0.058973                   (frankfurter)
11  0.072293         (fruit/vegetable juice)
12  0.058566                     (margarine)
13  0.052364                       (napkins)
14  0.079817                    (newspapers)
15  0.193493              (other vegetables)
16  0.088968                        (pastry)
17  0.075648                     (pip fruit)
18  0.057651                          (pork)
19  0.183935                    (rolls/buns)
20  0.108998               (root vegetables)
21  0.093950                       (sausage)
22  0.098526                 (shopping bags)
23  0.174377                          (soda)
24  0.104931                (tropical fruit)
25  0.071683            (whipped/sour cream)
26  0.255516                    (whole milk)
27  0.139502                        (yogurt)
28  0.074835  (other vegetables, whole milk)
29  0.056634        (rolls/buns, whole milk)
30  0.056024            (yogurt, whole milk)
2025-03-22 14:24:04,165 - INFO - Association Rules:
          antecedents         consequents  antecedent support  consequent support   support  confidence      lift  representativity  leverage  conviction  zhangs_metric   jaccard  certainty  kulczynski
0  (other vegetables)        (whole milk)            0.193493            0.255516  0.074835    0.386758  1.513634               1.0  0.025394    1.214013       0.420750  0.200000   0.176286    0.339817
1        (whole milk)  (other vegetables)            0.255516            0.193493  0.074835    0.292877  1.513634               1.0  0.025394    1.140548       0.455803  0.200000   0.123228    0.339817
2        (rolls/buns)        (whole milk)            0.183935            0.255516  0.056634    0.307905  1.205032               1.0  0.009636    1.075696       0.208496  0.147942   0.070369    0.264776
3        (whole milk)        (rolls/buns)            0.255516            0.183935  0.056634    0.221647  1.205032               1.0  0.009636    1.048452       0.228543  0.147942   0.046213    0.264776
4            (yogurt)        (whole milk)            0.139502            0.255516  0.056024    0.401603  1.571735               1.0  0.020379    1.244132       0.422732  0.165267   0.196226    0.310432
5        (whole milk)            (yogurt)            0.255516            0.139502  0.056024    0.219260  1.571735               1.0  0.020379    1.102157       0.488608  0.165267   0.092688    0.310432
2025-03-22 14:24:04,171 - INFO - Total Time: 0.14 seconds

2025-03-22 14:24:05,816 - INFO - Frequent Itemsets:
     support                        itemsets
0   0.052466                          (beef)
1   0.080529                  (bottled beer)
2   0.110524                 (bottled water)
3   0.064870                   (brown bread)
4   0.055414                        (butter)
5   0.077682                   (canned beer)
6   0.082766                  (citrus fruit)
7   0.058058                        (coffee)
8   0.053279                          (curd)
9   0.063447                 (domestic eggs)
10  0.058973                   (frankfurter)
11  0.072293         (fruit/vegetable juice)
12  0.058566                     (margarine)
13  0.052364                       (napkins)
14  0.079817                    (newspapers)
15  0.193493              (other vegetables)
16  0.088968                        (pastry)
17  0.075648                     (pip fruit)
18  0.057651                          (pork)
19  0.183935                    (rolls/buns)
20  0.108998               (root vegetables)
21  0.093950                       (sausage)
22  0.098526                 (shopping bags)
23  0.174377                          (soda)
24  0.104931                (tropical fruit)
25  0.071683            (whipped/sour cream)
26  0.255516                    (whole milk)
27  0.139502                        (yogurt)
28  0.074835  (other vegetables, whole milk)
29  0.056634        (whole milk, rolls/buns)
30  0.056024            (yogurt, whole milk)
2025-03-22 14:24:05,821 - INFO - Association Rules:
          antecedents         consequents  antecedent support  consequent support   support  confidence      lift  representativity  leverage  conviction  zhangs_metric   jaccard  certainty  kulczynski
0  (other vegetables)        (whole milk)            0.193493            0.255516  0.074835    0.386758  1.513634               1.0  0.025394    1.214013       0.420750  0.200000   0.176286    0.339817
1        (whole milk)  (other vegetables)            0.255516            0.193493  0.074835    0.292877  1.513634               1.0  0.025394    1.140548       0.455803  0.200000   0.123228    0.339817
2        (whole milk)        (rolls/buns)            0.255516            0.183935  0.056634    0.221647  1.205032               1.0  0.009636    1.048452       0.228543  0.147942   0.046213    0.264776
3        (rolls/buns)        (whole milk)            0.183935            0.255516  0.056634    0.307905  1.205032               1.0  0.009636    1.075696       0.208496  0.147942   0.070369    0.264776
4            (yogurt)        (whole milk)            0.139502            0.255516  0.056024    0.401603  1.571735               1.0  0.020379    1.244132       0.422732  0.165267   0.196226    0.310432
5        (whole milk)            (yogurt)            0.255516            0.139502  0.056024    0.219260  1.571735               1.0  0.020379    1.102157       0.488608  0.165267   0.092688    0.310432
2025-03-22 14:24:05,825 - INFO - Total Time: 0.14 seconds

2025-03-22 14:24:07,465 - INFO - Frequent Itemsets:
     support                        itemsets
0   0.052466                          (beef)
1   0.080529                  (bottled beer)
2   0.110524                 (bottled water)
3   0.064870                   (brown bread)
4   0.055414                        (butter)
5   0.077682                   (canned beer)
6   0.082766                  (citrus fruit)
7   0.058058                        (coffee)
8   0.053279                          (curd)
9   0.063447                 (domestic eggs)
10  0.058973                   (frankfurter)
11  0.072293         (fruit/vegetable juice)
12  0.058566                     (margarine)
13  0.052364                       (napkins)
14  0.079817                    (newspapers)
15  0.193493              (other vegetables)
16  0.088968                        (pastry)
17  0.075648                     (pip fruit)
18  0.057651                          (pork)
19  0.183935                    (rolls/buns)
20  0.108998               (root vegetables)
21  0.093950                       (sausage)
22  0.098526                 (shopping bags)
23  0.174377                          (soda)
24  0.104931                (tropical fruit)
25  0.071683            (whipped/sour cream)
26  0.255516                    (whole milk)
27  0.139502                        (yogurt)
28  0.074835  (other vegetables, whole milk)
29  0.056634        (rolls/buns, whole milk)
30  0.056024            (yogurt, whole milk)
2025-03-22 14:24:07,470 - INFO - Association Rules:
          antecedents         consequents  antecedent support  consequent support   support  confidence      lift  representativity  leverage  conviction  zhangs_metric   jaccard  certainty  kulczynski
0  (other vegetables)        (whole milk)            0.193493            0.255516  0.074835    0.386758  1.513634               1.0  0.025394    1.214013       0.420750  0.200000   0.176286    0.339817
1        (whole milk)  (other vegetables)            0.255516            0.193493  0.074835    0.292877  1.513634               1.0  0.025394    1.140548       0.455803  0.200000   0.123228    0.339817
2        (rolls/buns)        (whole milk)            0.183935            0.255516  0.056634    0.307905  1.205032               1.0  0.009636    1.075696       0.208496  0.147942   0.070369    0.264776
3        (whole milk)        (rolls/buns)            0.255516            0.183935  0.056634    0.221647  1.205032               1.0  0.009636    1.048452       0.228543  0.147942   0.046213    0.264776
4            (yogurt)        (whole milk)            0.139502            0.255516  0.056024    0.401603  1.571735               1.0  0.020379    1.244132       0.422732  0.165267   0.196226    0.310432
5        (whole milk)            (yogurt)            0.255516            0.139502  0.056024    0.219260  1.571735               1.0  0.020379    1.102157       0.488608  0.165267   0.092688    0.310432
2025-03-22 14:24:07,473 - INFO - Total Time: 0.13 seconds

2025-03-22 14:24:09,120 - INFO - Frequent Itemsets:
     support                        itemsets
0   0.052466                          (beef)
1   0.080529                  (bottled beer)
