2025-03-21 18:10:16,385 - INFO - Frequent Itemsets:
     support                        itemsets
0   0.082766                  (citrus fruit)
1   0.058566                     (margarine)
2   0.139502                        (yogurt)
3   0.104931                (tropical fruit)
4   0.058058                        (coffee)
5   0.255516                    (whole milk)
6   0.075648                     (pip fruit)
7   0.193493              (other vegetables)
8   0.055414                        (butter)
9   0.183935                    (rolls/buns)
10  0.080529                  (bottled beer)
11  0.110524                 (bottled water)
12  0.053279                          (curd)
13  0.052466                          (beef)
14  0.174377                          (soda)
15  0.058973                   (frankfurter)
16  0.079817                    (newspapers)
17  0.072293         (fruit/vegetable juice)
18  0.088968                        (pastry)
19  0.108998               (root vegetables)
20  0.077682                   (canned beer)
21  0.093950                       (sausage)
22  0.098526                 (shopping bags)
23  0.064870                   (brown bread)
24  0.052364                       (napkins)
25  0.071683            (whipped/sour cream)
26  0.057651                          (pork)
27  0.063447                 (domestic eggs)
28  0.056024            (whole milk, yogurt)
29  0.074835  (whole milk, other vegetables)
30  0.056634        (whole milk, rolls/buns)
2025-03-21 18:10:16,393 - INFO - Association Rules:
          antecedents         consequents  antecedent support  consequent support   support  confidence      lift  representativity  leverage  conviction  zhangs_metric   jaccard  certainty  kulczynski
0        (whole milk)            (yogurt)            0.255516            0.139502  0.056024    0.219260  1.571735               1.0  0.020379    1.102157       0.488608  0.165267   0.092688    0.310432
1            (yogurt)        (whole milk)            0.139502            0.255516  0.056024    0.401603  1.571735               1.0  0.020379    1.244132       0.422732  0.165267   0.196226    0.310432
2        (whole milk)  (other vegetables)            0.255516            0.193493  0.074835    0.292877  1.513634               1.0  0.025394    1.140548       0.455803  0.200000   0.123228    0.339817
3  (other vegetables)        (whole milk)            0.193493            0.255516  0.074835    0.386758  1.513634               1.0  0.025394    1.214013       0.420750  0.200000   0.176286    0.339817
4        (whole milk)        (rolls/buns)            0.255516            0.183935  0.056634    0.221647  1.205032               1.0  0.009636    1.048452       0.228543  0.147942   0.046213    0.264776
5        (rolls/buns)        (whole milk)            0.183935            0.255516  0.056634    0.307905  1.205032               1.0  0.009636    1.075696       0.208496  0.147942   0.070369    0.264776
2025-03-21 18:10:16,398 - INFO - Total Time: 0.52 saniye
2025-03-21 18:11:00,245 - INFO - Frequent Itemsets:
     support                        itemsets
0   0.082766                  (citrus fruit)
1   0.058566                     (margarine)
2   0.139502                        (yogurt)
3   0.104931                (tropical fruit)
4   0.058058                        (coffee)
5   0.255516                    (whole milk)
6   0.075648                     (pip fruit)
7   0.193493              (other vegetables)
8   0.055414                        (butter)
9   0.183935                    (rolls/buns)
10  0.080529                  (bottled beer)
11  0.110524                 (bottled water)
12  0.053279                          (curd)
13  0.052466                          (beef)
14  0.174377                          (soda)
15  0.058973                   (frankfurter)
16  0.079817                    (newspapers)
17  0.072293         (fruit/vegetable juice)
18  0.088968                        (pastry)
19  0.108998               (root vegetables)
20  0.077682                   (canned beer)
21  0.093950                       (sausage)
22  0.098526                 (shopping bags)
23  0.064870                   (brown bread)
24  0.052364                       (napkins)
25  0.071683            (whipped/sour cream)
26  0.057651                          (pork)
27  0.063447                 (domestic eggs)
28  0.056024            (whole milk, yogurt)
29  0.074835  (other vegetables, whole milk)
30  0.056634        (rolls/buns, whole milk)
2025-03-21 18:11:00,265 - INFO - Association Rules:
          antecedents         consequents  antecedent support  consequent support   support  confidence      lift  representativity  leverage  conviction  zhangs_metric   jaccard  certainty  kulczynski
0        (whole milk)            (yogurt)            0.255516            0.139502  0.056024    0.219260  1.571735               1.0  0.020379    1.102157       0.488608  0.165267   0.092688    0.310432
1            (yogurt)        (whole milk)            0.139502            0.255516  0.056024    0.401603  1.571735               1.0  0.020379    1.244132       0.422732  0.165267   0.196226    0.310432
2  (other vegetables)        (whole milk)            0.193493            0.255516  0.074835    0.386758  1.513634               1.0  0.025394    1.214013       0.420750  0.200000   0.176286    0.339817
3        (whole milk)  (other vegetables)            0.255516            0.193493  0.074835    0.292877  1.513634               1.0  0.025394    1.140548       0.455803  0.200000   0.123228    0.339817
4        (rolls/buns)        (whole milk)            0.183935            0.255516  0.056634    0.307905  1.205032               1.0  0.009636    1.075696       0.208496  0.147942   0.070369    0.264776
5        (whole milk)        (rolls/buns)            0.255516            0.183935  0.056634    0.221647  1.205032               1.0  0.009636    1.048452       0.228543  0.147942   0.046213    0.264776
2025-03-21 18:11:00,278 - INFO - Total Time: 0.64 saniye
2025-03-22 14:23:53,169 - INFO - Frequent Itemsets:
     support                        itemsets
0   0.082766                  (citrus fruit)
1   0.058566                     (margarine)
2   0.139502                        (yogurt)
3   0.104931                (tropical fruit)
4   0.058058                        (coffee)
5   0.255516                    (whole milk)
6   0.075648                     (pip fruit)
7   0.193493              (other vegetables)
8   0.055414                        (butter)
9   0.183935                    (rolls/buns)
10  0.080529                  (bottled beer)
11  0.110524                 (bottled water)
12  0.053279                          (curd)
13  0.052466                          (beef)
14  0.174377                          (soda)
15  0.058973                   (frankfurter)
16  0.079817                    (newspapers)
17  0.072293         (fruit/vegetable juice)
18  0.088968                        (pastry)
19  0.108998               (root vegetables)
20  0.077682                   (canned beer)
21  0.093950                       (sausage)
22  0.098526                 (shopping bags)
23  0.064870                   (brown bread)
24  0.052364                       (napkins)
25  0.071683            (whipped/sour cream)
26  0.057651                          (pork)
27  0.063447                 (domestic eggs)
28  0.056024            (yogurt, whole milk)
29  0.074835  (whole milk, other vegetables)
30  0.056634        (whole milk, rolls/buns)
2025-03-22 14:23:53,175 - INFO - Association Rules:
          antecedents         consequents  antecedent support  consequent support   support  confidence      lift  representativity  leverage  conviction  zhangs_metric   jaccard  certainty  kulczynski
0            (yogurt)        (whole milk)            0.139502            0.255516  0.056024    0.401603  1.571735               1.0  0.020379    1.244132       0.422732  0.165267   0.196226    0.310432
1        (whole milk)            (yogurt)            0.255516            0.139502  0.056024    0.219260  1.571735               1.0  0.020379    1.102157       0.488608  0.165267   0.092688    0.310432
2        (whole milk)  (other vegetables)            0.255516            0.193493  0.074835    0.292877  1.513634               1.0  0.025394    1.140548       0.455803  0.200000   0.123228    0.339817
3  (other vegetables)        (whole milk)            0.193493            0.255516  0.074835    0.386758  1.513634               1.0  0.025394    1.214013       0.420750  0.200000   0.176286    0.339817
4        (whole milk)        (rolls/buns)            0.255516            0.183935  0.056634    0.221647  1.205032               1.0  0.009636    1.048452       0.228543  0.147942   0.046213    0.264776
5        (rolls/buns)        (whole milk)            0.183935            0.255516  0.056634    0.307905  1.205032               1.0  0.009636    1.075696       0.208496  0.147942   0.070369    0.264776
2025-03-22 14:23:53,178 - INFO - Total Time: 0.27 seconds

2025-03-22 14:23:54,872 - INFO - Frequent Itemsets:
     support                        itemsets
0   0.082766                  (citrus fruit)
1   0.058566                     (margarine)
2   0.139502                        (yogurt)
3   0.104931                (tropical fruit)
4   0.058058                        (coffee)
5   0.255516                    (whole milk)
6   0.075648                     (pip fruit)
7   0.193493              (other vegetables)
8   0.055414                        (butter)
9   0.183935                    (rolls/buns)
10  0.080529                  (bottled beer)
11  0.110524                 (bottled water)
12  0.053279                          (curd)
13  0.052466                          (beef)
14  0.174377                          (soda)
15  0.058973                   (frankfurter)
16  0.079817                    (newspapers)
17  0.072293         (fruit/vegetable juice)
18  0.088968                        (pastry)
19  0.108998               (root vegetables)
20  0.077682                   (canned beer)
21  0.093950                       (sausage)
22  0.098526                 (shopping bags)
23  0.064870                   (brown bread)
24  0.052364                       (napkins)
25  0.071683            (whipped/sour cream)
26  0.057651                          (pork)
27  0.063447                 (domestic eggs)
28  0.056024            (whole milk, yogurt)
29  0.074835  (whole milk, other vegetables)
30  0.056634        (rolls/buns, whole milk)
2025-03-22 14:23:54,879 - INFO - Association Rules:
          antecedents         consequents  antecedent support  consequent support   support  confidence      lift  representativity  leverage  conviction  zhangs_metric   jaccard  certainty  kulczynski
0        (whole milk)            (yogurt)            0.255516            0.139502  0.056024    0.219260  1.571735               1.0  0.020379    1.102157       0.488608  0.165267   0.092688    0.310432
1            (yogurt)        (whole milk)            0.139502            0.255516  0.056024    0.401603  1.571735               1.0  0.020379    1.244132       0.422732  0.165267   0.196226    0.310432
2        (whole milk)  (other vegetables)            0.255516            0.193493  0.074835    0.292877  1.513634               1.0  0.025394    1.140548       0.455803  0.200000   0.123228    0.339817
3  (other vegetables)        (whole milk)            0.193493            0.255516  0.074835    0.386758  1.513634               1.0  0.025394    1.214013       0.420750  0.200000   0.176286    0.339817
4        (rolls/buns)        (whole milk)            0.183935            0.255516  0.056634    0.307905  1.205032               1.0  0.009636    1.075696       0.208496  0.147942   0.070369    0.264776
5        (whole milk)        (rolls/buns)            0.255516            0.183935  0.056634    0.221647  1.205032               1.0  0.009636    1.048452       0.228543  0.147942   0.046213    0.264776
2025-03-22 14:23:54,883 - INFO - Total Time: 0.26 seconds

2025-03-22 14:23:56,542 - INFO - Frequent Itemsets:
     support                        itemsets
0   0.082766                  (citrus fruit)
1   0.058566                     (margarine)
2   0.139502                        (yogurt)
3   0.104931                (tropical fruit)
4   0.058058                        (coffee)
5   0.255516                    (whole milk)
6   0.075648                     (pip fruit)
7   0.193493              (other vegetables)
8   0.055414                        (butter)
9   0.183935                    (rolls/buns)
10  0.080529                  (bottled beer)
11  0.110524                 (bottled water)
12  0.053279                          (curd)
13  0.052466                          (beef)
14  0.174377                          (soda)
15  0.058973                   (frankfurter)
16  0.079817                    (newspapers)
17  0.072293         (fruit/vegetable juice)
18  0.088968                        (pastry)
19  0.108998               (root vegetables)
20  0.077682                   (canned beer)
21  0.093950                       (sausage)
22  0.098526                 (shopping bags)
23  0.064870                   (brown bread)
24  0.052364                       (napkins)
25  0.071683            (whipped/sour cream)
26  0.057651                          (pork)
27  0.063447                 (domestic eggs)
28  0.056024            (whole milk, yogurt)
29  0.074835  (whole milk, other vegetables)
30  0.056634        (whole milk, rolls/buns)
2025-03-22 14:23:56,548 - INFO - Association Rules:
          antecedents         consequents  antecedent support  consequent support   support  confidence      lift  representativity  leverage  conviction  zhangs_metric   jaccard  certainty  kulczynski
0        (whole milk)            (yogurt)            0.255516            0.139502  0.056024    0.219260  1.571735               1.0  0.020379    1.102157       0.488608  0.165267   0.092688    0.310432
1            (yogurt)        (whole milk)            0.139502            0.255516  0.056024    0.401603  1.571735               1.0  0.020379    1.244132       0.422732  0.165267   0.196226    0.310432
2        (whole milk)  (other vegetables)            0.255516            0.193493  0.074835    0.292877  1.513634               1.0  0.025394    1.140548       0.455803  0.200000   0.123228    0.339817
3  (other vegetables)        (whole milk)            0.193493            0.255516  0.074835    0.386758  1.513634               1.0  0.025394    1.214013       0.420750  0.200000   0.176286    0.339817
4        (whole milk)        (rolls/buns)            0.255516            0.183935  0.056634    0.221647  1.205032               1.0  0.009636    1.048452       0.228543  0.147942   0.046213    0.264776
5        (rolls/buns)        (whole milk)            0.183935            0.255516  0.056634    0.307905  1.205032               1.0  0.009636    1.075696       0.208496  0.147942   0.070369    0.264776
2025-03-22 14:23:56,552 - INFO - Total Time: 0.26 seconds

2025-03-22 14:23:58,207 - INFO - Frequent Itemsets:
     support                        itemsets
0   0.082766                  (citrus fruit)
1   0.058566                     (margarine)
2   0.139502                        (yogurt)
3   0.104931                (tropical fruit)
4   0.058058                        (coffee)
5   0.255516                    (whole milk)
6   0.075648                     (pip fruit)
7   0.193493              (other vegetables)
8   0.055414                        (butter)
9   0.183935                    (rolls/buns)
10  0.080529                  (bottled beer)
11  0.110524                 (bottled water)
12  0.053279                          (curd)
13  0.052466                          (beef)
14  0.174377                          (soda)
15  0.058973                   (frankfurter)
16  0.079817                    (newspapers)
17  0.072293         (fruit/vegetable juice)
18  0.088968                        (pastry)
19  0.108998               (root vegetables)
20  0.077682                   (canned beer)
21  0.093950                       (sausage)
22  0.098526                 (shopping bags)
23  0.064870                   (brown bread)
24  0.052364                       (napkins)
25  0.071683            (whipped/sour cream)
26  0.057651                          (pork)
27  0.063447                 (domestic eggs)
28  0.056024            (yogurt, whole milk)
29  0.074835  (whole milk, other vegetables)
30  0.056634        (whole milk, rolls/buns)
2025-03-22 14:23:58,214 - INFO - Association Rules:
          antecedents         consequents  antecedent support  consequent support   support  confidence      lift  representativity  leverage  conviction  zhangs_metric   jaccard  certainty  kulczynski
0            (yogurt)        (whole milk)            0.139502            0.255516  0.056024    0.401603  1.571735               1.0  0.020379    1.244132       0.422732  0.165267   0.196226    0.310432
1        (whole milk)            (yogurt)            0.255516            0.139502  0.056024    0.219260  1.571735               1.0  0.020379    1.102157       0.488608  0.165267   0.092688    0.310432
2        (whole milk)  (other vegetables)            0.255516            0.193493  0.074835    0.292877  1.513634               1.0  0.025394    1.140548       0.455803  0.200000   0.123228    0.339817
3  (other vegetables)        (whole milk)            0.193493            0.255516  0.074835    0.386758  1.513634               1.0  0.025394    1.214013       0.420750  0.200000   0.176286    0.339817
4        (whole milk)        (rolls/buns)            0.255516            0.183935  0.056634    0.221647  1.205032               1.0  0.009636    1.048452       0.228543  0.147942   0.046213    0.264776
5        (rolls/buns)        (whole milk)            0.183935            0.255516  0.056634    0.307905  1.205032               1.0  0.009636    1.075696       0.208496  0.147942   0.070369    0.264776
2025-03-22 14:23:58,218 - INFO - Total Time: 0.26 seconds

2025-03-22 14:23:59,884 - INFO - Frequent Itemsets:
     support                        itemsets
0   0.082766                  (citrus fruit)
1   0.058566                     (margarine)
2   0.139502                        (yogurt)
3   0.104931                (tropical fruit)
4   0.058058                        (coffee)
5   0.255516                    (whole milk)
6   0.075648                     (pip fruit)
7   0.193493              (other vegetables)
8   0.055414                        (butter)
9   0.183935                    (rolls/buns)
10  0.080529                  (bottled beer)
11  0.110524                 (bottled water)
12  0.053279                          (curd)
13  0.052466                          (beef)
14  0.174377                          (soda)
15  0.058973                   (frankfurter)
16  0.079817                    (newspapers)
17  0.072293         (fruit/vegetable juice)
18  0.088968                        (pastry)
19  0.108998               (root vegetables)
20  0.077682                   (canned beer)
21  0.093950                       (sausage)
22  0.098526                 (shopping bags)
23  0.064870                   (brown bread)
24  0.052364                       (napkins)
25  0.071683            (whipped/sour cream)
26  0.057651                          (pork)
27  0.063447                 (domestic eggs)
28  0.056024            (yogurt, whole milk)
29  0.074835  (other vegetables, whole milk)
30  0.056634        (rolls/buns, whole milk)
2025-03-22 14:23:59,890 - INFO - Association Rules:
          antecedents         consequents  antecedent support  consequent support   support  confidence      lift  representativity  leverage  conviction  zhangs_metric   jaccard  certainty  kulczynski
0            (yogurt)        (whole milk)            0.139502            0.255516  0.056024    0.401603  1.571735               1.0  0.020379    1.244132       0.422732  0.165267   0.196226    0.310432
1        (whole milk)            (yogurt)            0.255516            0.139502  0.056024    0.219260  1.571735               1.0  0.020379    1.102157       0.488608  0.165267   0.092688    0.310432
2  (other vegetables)        (whole milk)            0.193493            0.255516  0.074835    0.386758  1.513634               1.0  0.025394    1.214013       0.420750  0.200000   0.176286    0.339817
3        (whole milk)  (other vegetables)            0.255516            0.193493  0.074835    0.292877  1.513634               1.0  0.025394    1.140548       0.455803  0.200000   0.123228    0.339817
4        (rolls/buns)        (whole milk)            0.183935            0.255516  0.056634    0.307905  1.205032               1.0  0.009636    1.075696       0.208496  0.147942   0.070369    0.264776
5        (whole milk)        (rolls/buns)            0.255516            0.183935  0.056634    0.221647  1.205032               1.0  0.009636    1.048452       0.228543  0.147942   0.046213    0.264776
2025-03-22 14:23:59,893 - INFO - Total Time: 0.26 seconds

2025-03-22 14:24:01,531 - INFO - Frequent Itemsets:
     support                        itemsets
0   0.082766                  (citrus fruit)
1   0.058566                     (margarine)
2   0.139502                        (yogurt)
3   0.104931                (tropical fruit)
4   0.058058                        (coffee)
5   0.255516                    (whole milk)
6   0.075648                     (pip fruit)
7   0.193493              (other vegetables)
8   0.055414                        (butter)
9   0.183935                    (rolls/buns)
10  0.080529                  (bottled beer)
11  0.110524                 (bottled water)
12  0.053279                          (curd)
13  0.052466                          (beef)
14  0.174377                          (soda)
15  0.058973                   (frankfurter)
16  0.079817                    (newspapers)
17  0.072293         (fruit/vegetable juice)
18  0.088968                        (pastry)
19  0.108998               (root vegetables)
20  0.077682                   (canned beer)
21  0.093950                       (sausage)
22  0.098526                 (shopping bags)
23  0.064870                   (brown bread)
24  0.052364                       (napkins)
25  0.071683            (whipped/sour cream)
26  0.057651                          (pork)
27  0.063447                 (domestic eggs)
28  0.056024            (yogurt, whole milk)
29  0.074835  (other vegetables, whole milk)
30  0.056634        (rolls/buns, whole milk)
2025-03-22 14:24:01,536 - INFO - Association Rules:
          antecedents         consequents  antecedent support  consequent support   support  confidence      lift  representativity  leverage  conviction  zhangs_metric   jaccard  certainty  kulczynski
0            (yogurt)        (whole milk)            0.139502            0.255516  0.056024    0.401603  1.571735               1.0  0.020379    1.244132       0.422732  0.165267   0.196226    0.310432
1        (whole milk)            (yogurt)            0.255516            0.139502  0.056024    0.219260  1.571735               1.0  0.020379    1.102157       0.488608  0.165267   0.092688    0.310432
2  (other vegetables)        (whole milk)            0.193493            0.255516  0.074835    0.386758  1.513634               1.0  0.025394    1.214013       0.420750  0.200000   0.176286    0.339817
3        (whole milk)  (other vegetables)            0.255516            0.193493  0.074835    0.292877  1.513634               1.0  0.025394    1.140548       0.455803  0.200000   0.123228    0.339817
4        (rolls/buns)        (whole milk)            0.183935            0.255516  0.056634    0.307905  1.205032               1.0  0.009636    1.075696       0.208496  0.147942   0.070369    0.264776
5        (whole milk)        (rolls/buns)            0.255516            0.183935  0.056634    0.221647  1.205032               1.0  0.009636    1.048452       0.228543  0.147942   0.046213    0.264776
2025-03-22 14:24:01,539 - INFO - Total Time: 0.26 seconds

2025-03-22 14:24:03,182 - INFO - Frequent Itemsets:
     support                        itemsets
0   0.082766                  (citrus fruit)
1   0.058566                     (margarine)
2   0.139502                        (yogurt)
3   0.104931                (tropical fruit)
4   0.058058                        (coffee)
5   0.255516                    (whole milk)
6   0.075648                     (pip fruit)
7   0.193493              (other vegetables)
8   0.055414                        (butter)
9   0.183935                    (rolls/buns)
10  0.080529                  (bottled beer)
11  0.110524                 (bottled water)
12  0.053279                          (curd)
13  0.052466                          (beef)
14  0.174377                          (soda)
15  0.058973                   (frankfurter)
16  0.079817                    (newspapers)
17  0.072293         (fruit/vegetable juice)
18  0.088968                        (pastry)
19  0.108998               (root vegetables)
20  0.077682                   (canned beer)
21  0.093950                       (sausage)
22  0.098526                 (shopping bags)
23  0.064870                   (brown bread)
24  0.052364                       (napkins)
25  0.071683            (whipped/sour cream)
26  0.057651                          (pork)
27  0.063447                 (domestic eggs)
28  0.056024            (whole milk, yogurt)
29  0.074835  (whole milk, other vegetables)
30  0.056634        (rolls/buns, whole milk)
2025-03-22 14:24:03,188 - INFO - Association Rules:
          antecedents         consequents  antecedent support  consequent support   support  confidence      lift  representativity  leverage  conviction  zhangs_metric   jaccard  certainty  kulczynski
0        (whole milk)            (yogurt)            0.255516            0.139502  0.056024    0.219260  1.571735               1.0  0.020379    1.102157       0.488608  0.165267   0.092688    0.310432
1            (yogurt)        (whole milk)            0.139502            0.255516  0.056024    0.401603  1.571735               1.0  0.020379    1.244132       0.422732  0.165267   0.196226    0.310432
2        (whole milk)  (other vegetables)            0.255516            0.193493  0.074835    0.292877  1.513634               1.0  0.025394    1.140548       0.455803  0.200000   0.123228    0.339817
3  (other vegetables)        (whole milk)            0.193493            0.255516  0.074835    0.386758  1.513634               1.0  0.025394    1.214013       0.420750  0.200000   0.176286    0.339817
4        (rolls/buns)        (whole milk)            0.183935            0.255516  0.056634    0.307905  1.205032               1.0  0.009636    1.075696       0.208496  0.147942   0.070369    0.264776
5        (whole milk)        (rolls/buns)            0.255516            0.183935  0.056634    0.221647  1.205032               1.0  0.009636    1.048452       0.228543  0.147942   0.046213    0.264776
2025-03-22 14:24:03,193 - INFO - Total Time: 0.26 seconds

2025-03-22 14:24:04,841 - INFO - Frequent Itemsets:
     support                        itemsets
0   0.082766                  (citrus fruit)
1   0.058566                     (margarine)
2   0.139502                        (yogurt)
3   0.104931                (tropical fruit)
4   0.058058                        (coffee)
5   0.255516                    (whole milk)
6   0.075648                     (pip fruit)
7   0.193493              (other vegetables)
8   0.055414                        (butter)
9   0.183935                    (rolls/buns)
10  0.080529                  (bottled beer)
11  0.110524                 (bottled water)
12  0.053279                          (curd)
13  0.052466                          (beef)
14  0.174377                          (soda)
15  0.058973                   (frankfurter)
16  0.079817                    (newspapers)
17  0.072293         (fruit/vegetable juice)
18  0.088968                        (pastry)
19  0.108998               (root vegetables)
20  0.077682                   (canned beer)
21  0.093950                       (sausage)
22  0.098526                 (shopping bags)
23  0.064870                   (brown bread)
24  0.052364                       (napkins)
25  0.071683            (whipped/sour cream)
26  0.057651                          (pork)
27  0.063447                 (domestic eggs)
28  0.056024            (yogurt, whole milk)
29  0.074835  (other vegetables, whole milk)
30  0.056634        (rolls/buns, whole milk)
2025-03-22 14:24:04,847 - INFO - Association Rules:
          antecedents         consequents  antecedent support  consequent support   support  confidence      lift  representativity  leverage  conviction  zhangs_metric   jaccard  certainty  kulczynski
0            (yogurt)        (whole milk)            0.139502            0.255516  0.056024    0.401603  1.571735               1.0  0.020379    1.244132       0.422732  0.165267   0.196226    0.310432
1        (whole milk)            (yogurt)            0.255516            0.139502  0.056024    0.219260  1.571735               1.0  0.020379    1.102157       0.488608  0.165267   0.092688    0.310432
2  (other vegetables)        (whole milk)            0.193493            0.255516  0.074835    0.386758  1.513634               1.0  0.025394    1.214013       0.420750  0.200000   0.176286    0.339817
3        (whole milk)  (other vegetables)            0.255516            0.193493  0.074835    0.292877  1.513634               1.0  0.025394    1.140548       0.455803  0.200000   0.123228    0.339817
4        (rolls/buns)        (whole milk)            0.183935            0.255516  0.056634    0.307905  1.205032               1.0  0.009636    1.075696       0.208496  0.147942   0.070369    0.264776
5        (whole milk)        (rolls/buns)            0.255516            0.183935  0.056634    0.221647  1.205032               1.0  0.009636    1.048452       0.228543  0.147942   0.046213    0.264776
2025-03-22 14:24:04,850 - INFO - Total Time: 0.26 seconds

2025-03-22 14:24:06,492 - INFO - Frequent Itemsets:
     support                        itemsets
0   0.082766                  (citrus fruit)
1   0.058566                     (margarine)
2   0.139502                        (yogurt)
3   0.104931                (tropical fruit)
4   0.058058                        (coffee)
5   0.255516                    (whole milk)
6   0.075648                     (pip fruit)
7   0.193493              (other vegetables)
8   0.055414                        (butter)
9   0.183935                    (rolls/buns)
10  0.080529                  (bottled beer)
11  0.110524                 (bottled water)
12  0.053279                          (curd)
13  0.052466                          (beef)
14  0.174377                          (soda)
15  0.058973                   (frankfurter)
16  0.079817                    (newspapers)
17  0.072293         (fruit/vegetable juice)
18  0.088968                        (pastry)
19  0.108998               (root vegetables)
20  0.077682                   (canned beer)
21  0.093950                       (sausage)
22  0.098526                 (shopping bags)
23  0.064870                   (brown bread)
24  0.052364                       (napkins)
25  0.071683            (whipped/sour cream)
26  0.057651                          (pork)
27  0.063447                 (domestic eggs)
28  0.056024            (yogurt, whole milk)
29  0.074835  (other vegetables, whole milk)
30  0.056634        (rolls/buns, whole milk)
2025-03-22 14:24:06,497 - INFO - Association Rules:
          antecedents         consequents  antecedent support  consequent support   support  confidence      lift  representativity  leverage  conviction  zhangs_metric   jaccard  certainty  kulczynski
0            (yogurt)        (whole milk)            0.139502            0.255516  0.056024    0.401603  1.571735               1.0  0.020379    1.244132       0.422732  0.165267   0.196226    0.310432
1        (whole milk)            (yogurt)            0.255516            0.139502  0.056024    0.219260  1.571735               1.0  0.020379    1.102157       0.488608  0.165267   0.092688    0.310432
2  (other vegetables)        (whole milk)            0.193493            0.255516  0.074835    0.386758  1.513634               1.0  0.025394    1.214013       0.420750  0.200000   0.176286    0.339817
3        (whole milk)  (other vegetables)            0.255516            0.193493  0.074835    0.292877  1.513634               1.0  0.025394    1.140548       0.455803  0.200000   0.123228    0.339817
4        (rolls/buns)        (whole milk)            0.183935            0.255516  0.056634    0.307905  1.205032               1.0  0.009636    1.075696       0.208496  0.147942   0.070369    0.264776
5        (whole milk)        (rolls/buns)            0.255516            0.183935  0.056634    0.221647  1.205032               1.0  0.009636    1.048452       0.228543  0.147942   0.046213    0.264776
2025-03-22 14:24:06,501 - INFO - Total Time: 0.26 seconds

2025-03-22 14:24:08,145 - INFO - Frequent Itemsets:
     support                        itemsets
0   0.082766                  (citrus fruit)
1   0.058566                     (margarine)
2   0.139502                        (yogurt)
3   0.104931                (tropical fruit)
4   0.058058                        (coffee)
5   0.255516                    (whole milk)
6   0.075648                     (pip fruit)
7   0.193493              (other vegetables)
8   0.055414                        (butter)
9   0.183935                    (rolls/buns)
10  0.080529                  (bottled beer)
11  0.110524                 (bottled water)
12  0.053279                          (curd)
13  0.052466                          (beef)
14  0.174377                          (soda)
15  0.058973                   (frankfurter)
16  0.079817                    (newspapers)
17  0.072293         (fruit/vegetable juice)
18  0.088968                        (pastry)
19  0.108998               (root vegetables)
20  0.077682                   (canned beer)
21  0.093950                       (sausage)
22  0.098526                 (shopping bags)
23  0.064870                   (brown bread)
24  0.052364                       (napkins)
25  0.071683            (whipped/sour cream)
26  0.057651                          (pork)
27  0.063447                 (domestic eggs)
28  0.056024            (yogurt, whole milk)
29  0.074835  (whole milk, other vegetables)
30  0.056634        (whole milk, rolls/buns)
2025-03-22 14:24:08,151 - INFO - Association Rules:
          antecedents         consequents  antecedent support  consequent support   support  confidence      lift  representativity  leverage  conviction  zhangs_metric   jaccard  certainty  kulczynski
0            (yogurt)        (whole milk)            0.139502            0.255516  0.056024    0.401603  1.571735               1.0  0.020379    1.244132       0.422732  0.165267   0.196226    0.310432
1        (whole milk)            (yogurt)            0.255516            0.139502  0.056024    0.219260  1.571735               1.0  0.020379    1.102157       0.488608  0.165267   0.092688    0.310432
2        (whole milk)  (other vegetables)            0.255516            0.193493  0.074835    0.292877  1.513634               1.0  0.025394    1.140548       0.455803  0.200000   0.123228    0.339817
3  (other vegetables)        (whole milk)            0.193493            0.255516  0.074835    0.386758  1.513634               1.0  0.025394    1.214013       0.420750  0.200000   0.176286    0.339817
4        (whole milk)        (rolls/buns)            0.255516            0.183935  0.056634    0.221647  1.205032               1.0  0.009636    1.048452       0.228543  0.147942   0.046213    0.264776
5        (rolls/buns)        (whole milk)            0.183935            0.255516  0.056634    0.307905  1.205032               1.0  0.009636    1.075696       0.208496  0.147942   0.070369    0.264776
2025-03-22 14:24:08,155 - INFO - Total Time: 0.26 seconds

2025-03-22 14:24:09,815 - INFO - Frequent Itemsets:
     support                        itemsets
0   0.082766                  (citrus fruit)
1   0.058566                     (margarine)
2   0.139502                        (yogurt)
3   0.104931                (tropical fruit)
4   0.058058                        (coffee)
5   0.255516                    (whole milk)
6   0.075648                     (pip fruit)
7   0.193493              (other vegetables)
8   0.055414                        (butter)
9   0.183935                    (rolls/buns)
10  0.080529                  (bottled beer)
11  0.110524                 (bottled water)
12  0.053279                          (curd)
13  0.052466                          (beef)
14  0.174377                          (soda)
15  0.058973                   (frankfurter)
16  0.079817                    (newspapers)
17  0.072293         (fruit/vegetable juice)
18  0.088968                        (pastry)
19  0.108998               (root vegetables)
20  0.077682                   (canned beer)
21  0.093950                       (sausage)
22  0.098526                 (shopping bags)
23  0.064870                   (brown bread)
24  0.052364                       (napkins)
25  0.071683            (whipped/sour cream)
26  0.057651                          (pork)
27  0.063447                 (domestic eggs)
28  0.056024            (whole milk, yogurt)
29  0.074835  (other vegetables, whole milk)
30  0.056634        (whole milk, rolls/buns)
2025-03-22 14:24:09,821 - INFO - Association Rules:
          antecedents         consequents  antecedent support  consequent support   support  confidence      lift  representativity  leverage  conviction  zhangs_metric   jaccard  certainty  kulczynski
0        (whole milk)            (yogurt)            0.255516            0.139502  0.056024    0.219260  1.571735               1.0  0.020379    1.102157       0.488608  0.165267   0.092688    0.310432
1            (yogurt)        (whole milk)            0.139502            0.255516  0.056024    0.401603  1.571735               1.0  0.020379    1.244132       0.422732  0.165267   0.196226    0.310432
2  (other vegetables)        (whole milk)            0.193493            0.255516  0.074835    0.386758  1.513634               1.0  0.025394    1.214013       0.420750  0.200000   0.176286    0.339817
3        (whole milk)  (other vegetables)            0.255516            0.193493  0.074835    0.292877  1.513634               1.0  0.025394    1.140548       0.455803  0.200000   0.123228    0.339817
4        (whole milk)        (rolls/buns)            0.255516            0.183935  0.056634    0.221647  1.205032               1.0  0.009636    1.048452       0.228543  0.147942   0.046213    0.264776
5        (rolls/buns)        (whole milk)            0.183935            0.255516  0.056634    0.307905  1.205032               1.0  0.009636    1.075696       0.208496  0.147942   0.070369    0.264776
2025-03-22 14:24:09,824 - INFO - Total Time: 0.26 seconds

2025-03-22 14:24:11,481 - INFO - Frequent Itemsets:
     support                        itemsets
0   0.082766                  (citrus fruit)
1   0.058566                     (margarine)
