2025-03-22 14:00:39,426 - INFO - Frequent Itemsets Loaded:
     support                        itemsets
0   0.082766                  (citrus fruit)
1   0.058566                     (margarine)
2   0.139502                        (yogurt)
3   0.104931                (tropical fruit)
4   0.058058                        (coffee)
5   0.255516                    (whole milk)
6   0.075648                     (pip fruit)
7   0.193493              (other vegetables)
8   0.055414                        (butter)
9   0.183935                    (rolls/buns)
10  0.080529                  (bottled beer)
11  0.110524                 (bottled water)
12  0.053279                          (curd)
13  0.052466                          (beef)
14  0.174377                          (soda)
15  0.058973                   (frankfurter)
16  0.079817                    (newspapers)
17  0.072293         (fruit/vegetable juice)
18  0.088968                        (pastry)
19  0.108998               (root vegetables)
20  0.077682                   (canned beer)
21  0.093950                       (sausage)
22  0.098526                 (shopping bags)
23  0.064870                   (brown bread)
24  0.052364                       (napkins)
25  0.071683            (whipped/sour cream)
26  0.057651                          (pork)
27  0.063447                 (domestic eggs)
28  0.056024            (whole milk, yogurt)
29  0.074835  (whole milk, other vegetables)
30  0.056634        (whole milk, rolls/buns)
2025-03-22 14:00:39,443 - INFO - Association Rules:
          antecedents         consequents  ...  certainty  kulczynski
0        (whole milk)            (yogurt)  ...   0.092688    0.310432
1            (yogurt)        (whole milk)  ...   0.196226    0.310432
2        (whole milk)  (other vegetables)  ...   0.123228    0.339817
3  (other vegetables)        (whole milk)  ...   0.176286    0.339817
4        (whole milk)        (rolls/buns)  ...   0.046213    0.264776
5        (rolls/buns)        (whole milk)  ...   0.070369    0.264776

[6 rows x 14 columns]
2025-03-22 14:00:39,454 - INFO - Total Time: 0.03 saniye
2025-03-22 14:01:13,278 - INFO - Frequent Itemsets Loaded:
     support                        itemsets
0   0.082766                  (citrus fruit)
1   0.058566                     (margarine)
2   0.139502                        (yogurt)
3   0.104931                (tropical fruit)
4   0.058058                        (coffee)
5   0.255516                    (whole milk)
6   0.075648                     (pip fruit)
7   0.193493              (other vegetables)
8   0.055414                        (butter)
9   0.183935                    (rolls/buns)
10  0.080529                  (bottled beer)
11  0.110524                 (bottled water)
12  0.053279                          (curd)
13  0.052466                          (beef)
14  0.174377                          (soda)
15  0.058973                   (frankfurter)
16  0.079817                    (newspapers)
17  0.072293         (fruit/vegetable juice)
18  0.088968                        (pastry)
19  0.108998               (root vegetables)
20  0.077682                   (canned beer)
21  0.093950                       (sausage)
22  0.098526                 (shopping bags)
23  0.064870                   (brown bread)
24  0.052364                       (napkins)
25  0.071683            (whipped/sour cream)
26  0.057651                          (pork)
27  0.063447                 (domestic eggs)
28  0.056024            (yogurt, whole milk)
29  0.074835  (whole milk, other vegetables)
30  0.056634        (whole milk, rolls/buns)
2025-03-22 14:01:13,284 - INFO - Association Rules:
          antecedents         consequents  antecedent support  consequent support   support  confidence      lift  representativity  leverage  conviction  zhangs_metric   jaccard  certainty  kulczynski
0            (yogurt)        (whole milk)            0.139502            0.255516  0.056024    0.401603  1.571735               1.0  0.020379    1.244132       0.422732  0.165267   0.196226    0.310432
1        (whole milk)            (yogurt)            0.255516            0.139502  0.056024    0.219260  1.571735               1.0  0.020379    1.102157       0.488608  0.165267   0.092688    0.310432
2        (whole milk)  (other vegetables)            0.255516            0.193493  0.074835    0.292877  1.513634               1.0  0.025394    1.140548       0.455803  0.200000   0.123228    0.339817
3  (other vegetables)        (whole milk)            0.193493            0.255516  0.074835    0.386758  1.513634               1.0  0.025394    1.214013       0.420750  0.200000   0.176286    0.339817
4        (whole milk)        (rolls/buns)            0.255516            0.183935  0.056634    0.221647  1.205032               1.0  0.009636    1.048452       0.228543  0.147942   0.046213    0.264776
5        (rolls/buns)        (whole milk)            0.183935            0.255516  0.056634    0.307905  1.205032               1.0  0.009636    1.075696       0.208496  0.147942   0.070369    0.264776
2025-03-22 14:01:13,288 - INFO - Total Time: 0.01 saniye
2025-03-22 14:23:53,628 - INFO - Frequent Itemsets Loaded:
     support                        itemsets
0   0.082766                  (citrus fruit)
1   0.058566                     (margarine)
2   0.139502                        (yogurt)
3   0.104931                (tropical fruit)
4   0.058058                        (coffee)
5   0.255516                    (whole milk)
6   0.075648                     (pip fruit)
7   0.193493              (other vegetables)
8   0.055414                        (butter)
9   0.183935                    (rolls/buns)
10  0.080529                  (bottled beer)
11  0.110524                 (bottled water)
12  0.053279                          (curd)
13  0.052466                          (beef)
14  0.174377                          (soda)
15  0.058973                   (frankfurter)
16  0.079817                    (newspapers)
17  0.072293         (fruit/vegetable juice)
18  0.088968                        (pastry)
19  0.108998               (root vegetables)
20  0.077682                   (canned beer)
21  0.093950                       (sausage)
22  0.098526                 (shopping bags)
23  0.064870                   (brown bread)
24  0.052364                       (napkins)
25  0.071683            (whipped/sour cream)
26  0.057651                          (pork)
27  0.063447                 (domestic eggs)
28  0.056024            (yogurt, whole milk)
29  0.074835  (whole milk, other vegetables)
30  0.056634        (whole milk, rolls/buns)
2025-03-22 14:23:53,637 - INFO - Association Rules:
          antecedents         consequents  antecedent support  consequent support   support  confidence      lift  representativity  leverage  conviction  zhangs_metric   jaccard  certainty  kulczynski
0            (yogurt)        (whole milk)            0.139502            0.255516  0.056024    0.401603  1.571735               1.0  0.020379    1.244132       0.422732  0.165267   0.196226    0.310432
1        (whole milk)            (yogurt)            0.255516            0.139502  0.056024    0.219260  1.571735               1.0  0.020379    1.102157       0.488608  0.165267   0.092688    0.310432
2        (whole milk)  (other vegetables)            0.255516            0.193493  0.074835    0.292877  1.513634               1.0  0.025394    1.140548       0.455803  0.200000   0.123228    0.339817
3  (other vegetables)        (whole milk)            0.193493            0.255516  0.074835    0.386758  1.513634               1.0  0.025394    1.214013       0.420750  0.200000   0.176286    0.339817
4        (whole milk)        (rolls/buns)            0.255516            0.183935  0.056634    0.221647  1.205032               1.0  0.009636    1.048452       0.228543  0.147942   0.046213    0.264776
5        (rolls/buns)        (whole milk)            0.183935            0.255516  0.056634    0.307905  1.205032               1.0  0.009636    1.075696       0.208496  0.147942   0.070369    0.264776
2025-03-22 14:23:53,640 - INFO - Total Time: 0.01 seconds

2025-03-22 14:23:55,312 - INFO - Frequent Itemsets Loaded:
     support                        itemsets
0   0.082766                  (citrus fruit)
1   0.058566                     (margarine)
2   0.139502                        (yogurt)
3   0.104931                (tropical fruit)
4   0.058058                        (coffee)
5   0.255516                    (whole milk)
6   0.075648                     (pip fruit)
7   0.193493              (other vegetables)
8   0.055414                        (butter)
9   0.183935                    (rolls/buns)
10  0.080529                  (bottled beer)
11  0.110524                 (bottled water)
12  0.053279                          (curd)
13  0.052466                          (beef)
14  0.174377                          (soda)
15  0.058973                   (frankfurter)
16  0.079817                    (newspapers)
17  0.072293         (fruit/vegetable juice)
18  0.088968                        (pastry)
19  0.108998               (root vegetables)
20  0.077682                   (canned beer)
21  0.093950                       (sausage)
22  0.098526                 (shopping bags)
23  0.064870                   (brown bread)
24  0.052364                       (napkins)
25  0.071683            (whipped/sour cream)
26  0.057651                          (pork)
27  0.063447                 (domestic eggs)
28  0.056024            (yogurt, whole milk)
29  0.074835  (whole milk, other vegetables)
30  0.056634        (rolls/buns, whole milk)
2025-03-22 14:23:55,318 - INFO - Association Rules:
          antecedents         consequents  antecedent support  consequent support   support  confidence      lift  representativity  leverage  conviction  zhangs_metric   jaccard  certainty  kulczynski
0            (yogurt)        (whole milk)            0.139502            0.255516  0.056024    0.401603  1.571735               1.0  0.020379    1.244132       0.422732  0.165267   0.196226    0.310432
1        (whole milk)            (yogurt)            0.255516            0.139502  0.056024    0.219260  1.571735               1.0  0.020379    1.102157       0.488608  0.165267   0.092688    0.310432
2        (whole milk)  (other vegetables)            0.255516            0.193493  0.074835    0.292877  1.513634               1.0  0.025394    1.140548       0.455803  0.200000   0.123228    0.339817
3  (other vegetables)        (whole milk)            0.193493            0.255516  0.074835    0.386758  1.513634               1.0  0.025394    1.214013       0.420750  0.200000   0.176286    0.339817
4        (rolls/buns)        (whole milk)            0.183935            0.255516  0.056634    0.307905  1.205032               1.0  0.009636    1.075696       0.208496  0.147942   0.070369    0.264776
5        (whole milk)        (rolls/buns)            0.255516            0.183935  0.056634    0.221647  1.205032               1.0  0.009636    1.048452       0.228543  0.147942   0.046213    0.264776
2025-03-22 14:23:55,322 - INFO - Total Time: 0.01 seconds

2025-03-22 14:23:56,972 - INFO - Frequent Itemsets Loaded:
     support                        itemsets
0   0.082766                  (citrus fruit)
1   0.058566                     (margarine)
2   0.139502                        (yogurt)
3   0.104931                (tropical fruit)
4   0.058058                        (coffee)
5   0.255516                    (whole milk)
6   0.075648                     (pip fruit)
7   0.193493              (other vegetables)
8   0.055414                        (butter)
9   0.183935                    (rolls/buns)
10  0.080529                  (bottled beer)
11  0.110524                 (bottled water)
12  0.053279                          (curd)
13  0.052466                          (beef)
14  0.174377                          (soda)
15  0.058973                   (frankfurter)
16  0.079817                    (newspapers)
17  0.072293         (fruit/vegetable juice)
18  0.088968                        (pastry)
19  0.108998               (root vegetables)
20  0.077682                   (canned beer)
21  0.093950                       (sausage)
22  0.098526                 (shopping bags)
23  0.064870                   (brown bread)
24  0.052364                       (napkins)
25  0.071683            (whipped/sour cream)
26  0.057651                          (pork)
27  0.063447                 (domestic eggs)
28  0.056024            (whole milk, yogurt)
29  0.074835  (other vegetables, whole milk)
30  0.056634        (rolls/buns, whole milk)
2025-03-22 14:23:56,978 - INFO - Association Rules:
          antecedents         consequents  antecedent support  consequent support   support  confidence      lift  representativity  leverage  conviction  zhangs_metric   jaccard  certainty  kulczynski
0        (whole milk)            (yogurt)            0.255516            0.139502  0.056024    0.219260  1.571735               1.0  0.020379    1.102157       0.488608  0.165267   0.092688    0.310432
1            (yogurt)        (whole milk)            0.139502            0.255516  0.056024    0.401603  1.571735               1.0  0.020379    1.244132       0.422732  0.165267   0.196226    0.310432
2  (other vegetables)        (whole milk)            0.193493            0.255516  0.074835    0.386758  1.513634               1.0  0.025394    1.214013       0.420750  0.200000   0.176286    0.339817
3        (whole milk)  (other vegetables)            0.255516            0.193493  0.074835    0.292877  1.513634               1.0  0.025394    1.140548       0.455803  0.200000   0.123228    0.339817
4        (rolls/buns)        (whole milk)            0.183935            0.255516  0.056634    0.307905  1.205032               1.0  0.009636    1.075696       0.208496  0.147942   0.070369    0.264776
5        (whole milk)        (rolls/buns)            0.255516            0.183935  0.056634    0.221647  1.205032               1.0  0.009636    1.048452       0.228543  0.147942   0.046213    0.264776
2025-03-22 14:23:56,981 - INFO - Total Time: 0.01 seconds

2025-03-22 14:23:58,652 - INFO - Frequent Itemsets Loaded:
     support                        itemsets
0   0.082766                  (citrus fruit)
1   0.058566                     (margarine)
2   0.139502                        (yogurt)
3   0.104931                (tropical fruit)
4   0.058058                        (coffee)
5   0.255516                    (whole milk)
6   0.075648                     (pip fruit)
7   0.193493              (other vegetables)
8   0.055414                        (butter)
9   0.183935                    (rolls/buns)
10  0.080529                  (bottled beer)
11  0.110524                 (bottled water)
12  0.053279                          (curd)
13  0.052466                          (beef)
14  0.174377                          (soda)
15  0.058973                   (frankfurter)
16  0.079817                    (newspapers)
17  0.072293         (fruit/vegetable juice)
18  0.088968                        (pastry)
19  0.108998               (root vegetables)
20  0.077682                   (canned beer)
21  0.093950                       (sausage)
22  0.098526                 (shopping bags)
23  0.064870                   (brown bread)
24  0.052364                       (napkins)
25  0.071683            (whipped/sour cream)
26  0.057651                          (pork)
27  0.063447                 (domestic eggs)
28  0.056024            (whole milk, yogurt)
29  0.074835  (whole milk, other vegetables)
30  0.056634        (whole milk, rolls/buns)
2025-03-22 14:23:58,658 - INFO - Association Rules:
          antecedents         consequents  antecedent support  consequent support   support  confidence      lift  representativity  leverage  conviction  zhangs_metric   jaccard  certainty  kulczynski
0        (whole milk)            (yogurt)            0.255516            0.139502  0.056024    0.219260  1.571735               1.0  0.020379    1.102157       0.488608  0.165267   0.092688    0.310432
1            (yogurt)        (whole milk)            0.139502            0.255516  0.056024    0.401603  1.571735               1.0  0.020379    1.244132       0.422732  0.165267   0.196226    0.310432
2        (whole milk)  (other vegetables)            0.255516            0.193493  0.074835    0.292877  1.513634               1.0  0.025394    1.140548       0.455803  0.200000   0.123228    0.339817
3  (other vegetables)        (whole milk)            0.193493            0.255516  0.074835    0.386758  1.513634               1.0  0.025394    1.214013       0.420750  0.200000   0.176286    0.339817
4        (whole milk)        (rolls/buns)            0.255516            0.183935  0.056634    0.221647  1.205032               1.0  0.009636    1.048452       0.228543  0.147942   0.046213    0.264776
5        (rolls/buns)        (whole milk)            0.183935            0.255516  0.056634    0.307905  1.205032               1.0  0.009636    1.075696       0.208496  0.147942   0.070369    0.264776
2025-03-22 14:23:58,662 - INFO - Total Time: 0.01 seconds

2025-03-22 14:24:00,310 - INFO - Frequent Itemsets Loaded:
     support                        itemsets
0   0.082766                  (citrus fruit)
1   0.058566                     (margarine)
2   0.139502                        (yogurt)
3   0.104931                (tropical fruit)
4   0.058058                        (coffee)
5   0.255516                    (whole milk)
6   0.075648                     (pip fruit)
7   0.193493              (other vegetables)
8   0.055414                        (butter)
9   0.183935                    (rolls/buns)
10  0.080529                  (bottled beer)
11  0.110524                 (bottled water)
12  0.053279                          (curd)
13  0.052466                          (beef)
14  0.174377                          (soda)
15  0.058973                   (frankfurter)
16  0.079817                    (newspapers)
17  0.072293         (fruit/vegetable juice)
18  0.088968                        (pastry)
19  0.108998               (root vegetables)
20  0.077682                   (canned beer)
21  0.093950                       (sausage)
22  0.098526                 (shopping bags)
23  0.064870                   (brown bread)
24  0.052364                       (napkins)
25  0.071683            (whipped/sour cream)
26  0.057651                          (pork)
27  0.063447                 (domestic eggs)
28  0.056024            (whole milk, yogurt)
29  0.074835  (whole milk, other vegetables)
30  0.056634        (whole milk, rolls/buns)
2025-03-22 14:24:00,316 - INFO - Association Rules:
          antecedents         consequents  antecedent support  consequent support   support  confidence      lift  representativity  leverage  conviction  zhangs_metric   jaccard  certainty  kulczynski
0        (whole milk)            (yogurt)            0.255516            0.139502  0.056024    0.219260  1.571735               1.0  0.020379    1.102157       0.488608  0.165267   0.092688    0.310432
1            (yogurt)        (whole milk)            0.139502            0.255516  0.056024    0.401603  1.571735               1.0  0.020379    1.244132       0.422732  0.165267   0.196226    0.310432
2        (whole milk)  (other vegetables)            0.255516            0.193493  0.074835    0.292877  1.513634               1.0  0.025394    1.140548       0.455803  0.200000   0.123228    0.339817
3  (other vegetables)        (whole milk)            0.193493            0.255516  0.074835    0.386758  1.513634               1.0  0.025394    1.214013       0.420750  0.200000   0.176286    0.339817
4        (whole milk)        (rolls/buns)            0.255516            0.183935  0.056634    0.221647  1.205032               1.0  0.009636    1.048452       0.228543  0.147942   0.046213    0.264776
5        (rolls/buns)        (whole milk)            0.183935            0.255516  0.056634    0.307905  1.205032               1.0  0.009636    1.075696       0.208496  0.147942   0.070369    0.264776
2025-03-22 14:24:00,320 - INFO - Total Time: 0.01 seconds

2025-03-22 14:24:01,961 - INFO - Frequent Itemsets Loaded:
     support                        itemsets
0   0.082766                  (citrus fruit)
1   0.058566                     (margarine)
2   0.139502                        (yogurt)
3   0.104931                (tropical fruit)
4   0.058058                        (coffee)
5   0.255516                    (whole milk)
6   0.075648                     (pip fruit)
7   0.193493              (other vegetables)
8   0.055414                        (butter)
9   0.183935                    (rolls/buns)
10  0.080529                  (bottled beer)
11  0.110524                 (bottled water)
12  0.053279                          (curd)
13  0.052466                          (beef)
14  0.174377                          (soda)
15  0.058973                   (frankfurter)
16  0.079817                    (newspapers)
17  0.072293         (fruit/vegetable juice)
18  0.088968                        (pastry)
19  0.108998               (root vegetables)
20  0.077682                   (canned beer)
21  0.093950                       (sausage)
22  0.098526                 (shopping bags)
23  0.064870                   (brown bread)
24  0.052364                       (napkins)
25  0.071683            (whipped/sour cream)
26  0.057651                          (pork)
27  0.063447                 (domestic eggs)
28  0.056024            (yogurt, whole milk)
29  0.074835  (whole milk, other vegetables)
30  0.056634        (rolls/buns, whole milk)
2025-03-22 14:24:01,967 - INFO - Association Rules:
          antecedents         consequents  antecedent support  consequent support   support  confidence      lift  representativity  leverage  conviction  zhangs_metric   jaccard  certainty  kulczynski
0            (yogurt)        (whole milk)            0.139502            0.255516  0.056024    0.401603  1.571735               1.0  0.020379    1.244132       0.422732  0.165267   0.196226    0.310432
1        (whole milk)            (yogurt)            0.255516            0.139502  0.056024    0.219260  1.571735               1.0  0.020379    1.102157       0.488608  0.165267   0.092688    0.310432
2        (whole milk)  (other vegetables)            0.255516            0.193493  0.074835    0.292877  1.513634               1.0  0.025394    1.140548       0.455803  0.200000   0.123228    0.339817
3  (other vegetables)        (whole milk)            0.193493            0.255516  0.074835    0.386758  1.513634               1.0  0.025394    1.214013       0.420750  0.200000   0.176286    0.339817
4        (rolls/buns)        (whole milk)            0.183935            0.255516  0.056634    0.307905  1.205032               1.0  0.009636    1.075696       0.208496  0.147942   0.070369    0.264776
5        (whole milk)        (rolls/buns)            0.255516            0.183935  0.056634    0.221647  1.205032               1.0  0.009636    1.048452       0.228543  0.147942   0.046213    0.264776
2025-03-22 14:24:01,971 - INFO - Total Time: 0.01 seconds

2025-03-22 14:24:03,608 - INFO - Frequent Itemsets Loaded:
     support                        itemsets
0   0.082766                  (citrus fruit)
1   0.058566                     (margarine)
2   0.139502                        (yogurt)
3   0.104931                (tropical fruit)
4   0.058058                        (coffee)
5   0.255516                    (whole milk)
6   0.075648                     (pip fruit)
7   0.193493              (other vegetables)
8   0.055414                        (butter)
9   0.183935                    (rolls/buns)
10  0.080529                  (bottled beer)
11  0.110524                 (bottled water)
12  0.053279                          (curd)
13  0.052466                          (beef)
14  0.174377                          (soda)
15  0.058973                   (frankfurter)
16  0.079817                    (newspapers)
17  0.072293         (fruit/vegetable juice)
18  0.088968                        (pastry)
19  0.108998               (root vegetables)
20  0.077682                   (canned beer)
21  0.093950                       (sausage)
22  0.098526                 (shopping bags)
23  0.064870                   (brown bread)
24  0.052364                       (napkins)
25  0.071683            (whipped/sour cream)
26  0.057651                          (pork)
27  0.063447                 (domestic eggs)
28  0.056024            (whole milk, yogurt)
29  0.074835  (whole milk, other vegetables)
30  0.056634        (whole milk, rolls/buns)
2025-03-22 14:24:03,614 - INFO - Association Rules:
          antecedents         consequents  antecedent support  consequent support   support  confidence      lift  representativity  leverage  conviction  zhangs_metric   jaccard  certainty  kulczynski
0        (whole milk)            (yogurt)            0.255516            0.139502  0.056024    0.219260  1.571735               1.0  0.020379    1.102157       0.488608  0.165267   0.092688    0.310432
1            (yogurt)        (whole milk)            0.139502            0.255516  0.056024    0.401603  1.571735               1.0  0.020379    1.244132       0.422732  0.165267   0.196226    0.310432
2        (whole milk)  (other vegetables)            0.255516            0.193493  0.074835    0.292877  1.513634               1.0  0.025394    1.140548       0.455803  0.200000   0.123228    0.339817
3  (other vegetables)        (whole milk)            0.193493            0.255516  0.074835    0.386758  1.513634               1.0  0.025394    1.214013       0.420750  0.200000   0.176286    0.339817
4        (whole milk)        (rolls/buns)            0.255516            0.183935  0.056634    0.221647  1.205032               1.0  0.009636    1.048452       0.228543  0.147942   0.046213    0.264776
5        (rolls/buns)        (whole milk)            0.183935            0.255516  0.056634    0.307905  1.205032               1.0  0.009636    1.075696       0.208496  0.147942   0.070369    0.264776
2025-03-22 14:24:03,617 - INFO - Total Time: 0.01 seconds

2025-03-22 14:24:05,268 - INFO - Frequent Itemsets Loaded:
     support                        itemsets
0   0.082766                  (citrus fruit)
1   0.058566                     (margarine)
2   0.139502                        (yogurt)
3   0.104931                (tropical fruit)
4   0.058058                        (coffee)
5   0.255516                    (whole milk)
6   0.075648                     (pip fruit)
7   0.193493              (other vegetables)
8   0.055414                        (butter)
9   0.183935                    (rolls/buns)
10  0.080529                  (bottled beer)
11  0.110524                 (bottled water)
12  0.053279                          (curd)
13  0.052466                          (beef)
14  0.174377                          (soda)
15  0.058973                   (frankfurter)
16  0.079817                    (newspapers)
17  0.072293         (fruit/vegetable juice)
18  0.088968                        (pastry)
19  0.108998               (root vegetables)
20  0.077682                   (canned beer)
21  0.093950                       (sausage)
22  0.098526                 (shopping bags)
23  0.064870                   (brown bread)
24  0.052364                       (napkins)
25  0.071683            (whipped/sour cream)
26  0.057651                          (pork)
27  0.063447                 (domestic eggs)
28  0.056024            (yogurt, whole milk)
29  0.074835  (whole milk, other vegetables)
30  0.056634        (whole milk, rolls/buns)
2025-03-22 14:24:05,274 - INFO - Association Rules:
          antecedents         consequents  antecedent support  consequent support   support  confidence      lift  representativity  leverage  conviction  zhangs_metric   jaccard  certainty  kulczynski
0            (yogurt)        (whole milk)            0.139502            0.255516  0.056024    0.401603  1.571735               1.0  0.020379    1.244132       0.422732  0.165267   0.196226    0.310432
1        (whole milk)            (yogurt)            0.255516            0.139502  0.056024    0.219260  1.571735               1.0  0.020379    1.102157       0.488608  0.165267   0.092688    0.310432
2        (whole milk)  (other vegetables)            0.255516            0.193493  0.074835    0.292877  1.513634               1.0  0.025394    1.140548       0.455803  0.200000   0.123228    0.339817
3  (other vegetables)        (whole milk)            0.193493            0.255516  0.074835    0.386758  1.513634               1.0  0.025394    1.214013       0.420750  0.200000   0.176286    0.339817
4        (whole milk)        (rolls/buns)            0.255516            0.183935  0.056634    0.221647  1.205032               1.0  0.009636    1.048452       0.228543  0.147942   0.046213    0.264776
5        (rolls/buns)        (whole milk)            0.183935            0.255516  0.056634    0.307905  1.205032               1.0  0.009636    1.075696       0.208496  0.147942   0.070369    0.264776
2025-03-22 14:24:05,279 - INFO - Total Time: 0.01 seconds

2025-03-22 14:24:06,919 - INFO - Frequent Itemsets Loaded:
     support                        itemsets
0   0.082766                  (citrus fruit)
1   0.058566                     (margarine)
2   0.139502                        (yogurt)
3   0.104931                (tropical fruit)
4   0.058058                        (coffee)
5   0.255516                    (whole milk)
6   0.075648                     (pip fruit)
7   0.193493              (other vegetables)
8   0.055414                        (butter)
9   0.183935                    (rolls/buns)
10  0.080529                  (bottled beer)
11  0.110524                 (bottled water)
12  0.053279                          (curd)
13  0.052466                          (beef)
14  0.174377                          (soda)
15  0.058973                   (frankfurter)
16  0.079817                    (newspapers)
17  0.072293         (fruit/vegetable juice)
18  0.088968                        (pastry)
19  0.108998               (root vegetables)
20  0.077682                   (canned beer)
21  0.093950                       (sausage)
22  0.098526                 (shopping bags)
23  0.064870                   (brown bread)
24  0.052364                       (napkins)
25  0.071683            (whipped/sour cream)
26  0.057651                          (pork)
27  0.063447                 (domestic eggs)
28  0.056024            (yogurt, whole milk)
29  0.074835  (whole milk, other vegetables)
30  0.056634        (whole milk, rolls/buns)
2025-03-22 14:24:06,926 - INFO - Association Rules:
          antecedents         consequents  antecedent support  consequent support   support  confidence      lift  representativity  leverage  conviction  zhangs_metric   jaccard  certainty  kulczynski
0            (yogurt)        (whole milk)            0.139502            0.255516  0.056024    0.401603  1.571735               1.0  0.020379    1.244132       0.422732  0.165267   0.196226    0.310432
1        (whole milk)            (yogurt)            0.255516            0.139502  0.056024    0.219260  1.571735               1.0  0.020379    1.102157       0.488608  0.165267   0.092688    0.310432
2        (whole milk)  (other vegetables)            0.255516            0.193493  0.074835    0.292877  1.513634               1.0  0.025394    1.140548       0.455803  0.200000   0.123228    0.339817
3  (other vegetables)        (whole milk)            0.193493            0.255516  0.074835    0.386758  1.513634               1.0  0.025394    1.214013       0.420750  0.200000   0.176286    0.339817
4        (whole milk)        (rolls/buns)            0.255516            0.183935  0.056634    0.221647  1.205032               1.0  0.009636    1.048452       0.228543  0.147942   0.046213    0.264776
5        (rolls/buns)        (whole milk)            0.183935            0.255516  0.056634    0.307905  1.205032               1.0  0.009636    1.075696       0.208496  0.147942   0.070369    0.264776
2025-03-22 14:24:06,930 - INFO - Total Time: 0.01 seconds

2025-03-22 14:24:08,571 - INFO - Frequent Itemsets Loaded:
     support                        itemsets
0   0.082766                  (citrus fruit)
1   0.058566                     (margarine)
2   0.139502                        (yogurt)
3   0.104931                (tropical fruit)
4   0.058058                        (coffee)
5   0.255516                    (whole milk)
6   0.075648                     (pip fruit)
7   0.193493              (other vegetables)
8   0.055414                        (butter)
9   0.183935                    (rolls/buns)
10  0.080529                  (bottled beer)
11  0.110524                 (bottled water)
12  0.053279                          (curd)
13  0.052466                          (beef)
14  0.174377                          (soda)
15  0.058973                   (frankfurter)
16  0.079817                    (newspapers)
17  0.072293         (fruit/vegetable juice)
18  0.088968                        (pastry)
19  0.108998               (root vegetables)
20  0.077682                   (canned beer)
21  0.093950                       (sausage)
22  0.098526                 (shopping bags)
23  0.064870                   (brown bread)
24  0.052364                       (napkins)
25  0.071683            (whipped/sour cream)
26  0.057651                          (pork)
27  0.063447                 (domestic eggs)
28  0.056024            (yogurt, whole milk)
29  0.074835  (whole milk, other vegetables)
30  0.056634        (rolls/buns, whole milk)
2025-03-22 14:24:08,577 - INFO - Association Rules:
          antecedents         consequents  antecedent support  consequent support   support  confidence      lift  representativity  leverage  conviction  zhangs_metric   jaccard  certainty  kulczynski
0            (yogurt)        (whole milk)            0.139502            0.255516  0.056024    0.401603  1.571735               1.0  0.020379    1.244132       0.422732  0.165267   0.196226    0.310432
1        (whole milk)            (yogurt)            0.255516            0.139502  0.056024    0.219260  1.571735               1.0  0.020379    1.102157       0.488608  0.165267   0.092688    0.310432
2        (whole milk)  (other vegetables)            0.255516            0.193493  0.074835    0.292877  1.513634               1.0  0.025394    1.140548       0.455803  0.200000   0.123228    0.339817
3  (other vegetables)        (whole milk)            0.193493            0.255516  0.074835    0.386758  1.513634               1.0  0.025394    1.214013       0.420750  0.200000   0.176286    0.339817
4        (rolls/buns)        (whole milk)            0.183935            0.255516  0.056634    0.307905  1.205032               1.0  0.009636    1.075696       0.208496  0.147942   0.070369    0.264776
5        (whole milk)        (rolls/buns)            0.255516            0.183935  0.056634    0.221647  1.205032               1.0  0.009636    1.048452       0.228543  0.147942   0.046213    0.264776
2025-03-22 14:24:08,581 - INFO - Total Time: 0.01 seconds

2025-03-22 14:24:10,259 - INFO - Frequent Itemsets Loaded:
     support                        itemsets
0   0.082766                  (citrus fruit)
1   0.058566                     (margarine)
2   0.139502                        (yogurt)
3   0.104931                (tropical fruit)
4   0.058058                        (coffee)
5   0.255516                    (whole milk)
6   0.075648                     (pip fruit)
7   0.193493              (other vegetables)
8   0.055414                        (butter)
9   0.183935                    (rolls/buns)
10  0.080529                  (bottled beer)
11  0.110524                 (bottled water)
12  0.053279                          (curd)
13  0.052466                          (beef)
14  0.174377                          (soda)
15  0.058973                   (frankfurter)
16  0.079817                    (newspapers)
17  0.072293         (fruit/vegetable juice)
18  0.088968                        (pastry)
19  0.108998               (root vegetables)
20  0.077682                   (canned beer)
21  0.093950                       (sausage)
22  0.098526                 (shopping bags)
23  0.064870                   (brown bread)
24  0.052364                       (napkins)
25  0.071683            (whipped/sour cream)
26  0.057651                          (pork)
27  0.063447                 (domestic eggs)
28  0.056024            (yogurt, whole milk)
29  0.074835  (other vegetables, whole milk)
30  0.056634        (whole milk, rolls/buns)
2025-03-22 14:24:10,266 - INFO - Association Rules:
          antecedents         consequents  antecedent support  consequent support   support  confidence      lift  representativity  leverage  conviction  zhangs_metric   jaccard  certainty  kulczynski
0            (yogurt)        (whole milk)            0.139502            0.255516  0.056024    0.401603  1.571735               1.0  0.020379    1.244132       0.422732  0.165267   0.196226    0.310432
1        (whole milk)            (yogurt)            0.255516            0.139502  0.056024    0.219260  1.571735               1.0  0.020379    1.102157       0.488608  0.165267   0.092688    0.310432
2  (other vegetables)        (whole milk)            0.193493            0.255516  0.074835    0.386758  1.513634               1.0  0.025394    1.214013       0.420750  0.200000   0.176286    0.339817
3        (whole milk)  (other vegetables)            0.255516            0.193493  0.074835    0.292877  1.513634               1.0  0.025394    1.140548       0.455803  0.200000   0.123228    0.339817
4        (whole milk)        (rolls/buns)            0.255516            0.183935  0.056634    0.221647  1.205032               1.0  0.009636    1.048452       0.228543  0.147942   0.046213    0.264776
5        (rolls/buns)        (whole milk)            0.183935            0.255516  0.056634    0.307905  1.205032               1.0  0.009636    1.075696       0.208496  0.147942   0.070369    0.264776
2025-03-22 14:24:10,269 - INFO - Total Time: 0.01 seconds

2025-03-22 14:24:11,908 - INFO - Frequent Itemsets Loaded:
     support                        itemsets
0   0.082766                  (citrus fruit)
1   0.058566                     (margarine)
2   0.139502                        (yogurt)
3   0.104931                (tropical fruit)
4   0.058058                        (coffee)
5   0.255516                    (whole milk)
6   0.075648                     (pip fruit)
7   0.193493              (other vegetables)
8   0.055414                        (butter)
9   0.183935                    (rolls/buns)
10  0.080529                  (bottled beer)
11  0.110524                 (bottled water)
12  0.053279                          (curd)
13  0.052466                          (beef)
14  0.174377                          (soda)
15  0.058973                   (frankfurter)
16  0.079817                    (newspapers)
17  0.072293         (fruit/vegetable juice)
18  0.088968                        (pastry)
19  0.108998               (root vegetables)
